xof 0303txt 0032
template XSkinMeshHeader {
 <3cf169ce-ff7c-44ab-93c0-f78f62d172e2>
 WORD nMaxSkinWeightsPerVertex;
 WORD nMaxSkinWeightsPerFace;
 WORD nBones;
}

template VertexDuplicationIndices {
 <b8d65549-d7c9-4995-89cf-53a9a8b031e3>
 DWORD nIndices;
 DWORD nOriginalVertices;
 array DWORD indices[nIndices];
}

template SkinWeights {
 <6f0d123b-bad2-4167-a0d0-80224f25fabb>
 STRING transformNodeName;
 DWORD nWeights;
 array DWORD vertexIndices[nWeights];
 array FLOAT weights[nWeights];
 Matrix4x4 matrixOffset;
}

template AnimTicksPerSecond {
 <9e415a43-7ba6-4a73-8743-b73d47e88476>
 DWORD AnimTicksPerSecond;
}

template VertexElement {
 <f752461c-1e23-48f6-b9f8-8350850f336f>
 DWORD Type;
 DWORD Method;
 DWORD Usage;
 DWORD UsageIndex;
}

template DeclData {
 <bf22e553-292c-4781-9fea-62bd554bdd93>
 DWORD nElements;
 array VertexElement Elements[nElements];
 DWORD nDWords;
 array DWORD data[nDWords];
}


AnimTicksPerSecond {
 4800;
}

Frame Dummy01 {
 

 FrameTransformMatrix {
  1.000000,0.000000,0.000000,0.000000,0.000000,-0.000000,-1.000000,0.000000,0.000000,1.000000,-0.000000,0.000000,0.000000,0.000000,0.000000,1.000000;;
 }

 Frame Bip01 {
  

  FrameTransformMatrix {
   0.484444,0.819615,-0.305852,0.000000,0.122471,0.282633,0.951378,0.000000,0.866207,-0.498347,0.036540,0.000000,0.000000,-0.050827,0.508268,1.000000;;
  }

  Frame Bip01_Pelvis {
   

   FrameTransformMatrix {
    0.000000,0.998062,-0.062235,0.000000,-0.000001,0.062235,0.998062,0.000000,1.000000,0.000000,0.000001,0.000000,0.000000,0.000000,0.000000,1.000000;;
   }

   Frame Bip01_Spine {
    

    FrameTransformMatrix {
     0.996257,0.062123,-0.060114,0.000000,-0.062235,0.998061,0.000004,0.000000,0.059998,0.003737,0.998191,0.000000,0.051528,0.003213,-0.000085,1.000000;;
    }

    Frame Bip01_Spine1 {
     

     FrameTransformMatrix {
      0.944325,-0.155507,0.289944,0.000000,0.115539,0.981865,0.150304,0.000000,-0.308059,-0.108436,0.945167,0.000000,0.106506,0.000009,-0.000080,1.000000;;
     }

     Frame Bip01_Neck {
      

      FrameTransformMatrix {
       0.903366,0.000001,0.428870,0.000000,-0.000001,1.000000,-0.000000,0.000000,-0.428870,-0.000000,0.903366,0.000000,0.130516,0.000000,0.004628,1.000000;;
      }

      Frame Bip01_Head {
       

       FrameTransformMatrix {
        0.909553,-0.336216,0.244276,0.000000,0.282255,0.931187,0.230699,0.000000,-0.305032,-0.140885,0.941864,0.000000,0.033674,0.000000,0.000000,1.000000;;
       }

       Frame Bip01_HeadNub {
        

        FrameTransformMatrix {
         1.000000,0.000000,0.000000,0.000000,0.000000,1.000000,0.000000,0.000000,-0.000000,0.000000,1.000000,0.000000,0.169824,0.000000,0.000000,1.000000;;
        }
       }
      }

      Frame Bip01_L_Clavicle {
       

       FrameTransformMatrix {
        -0.000000,1.000000,-0.000003,0.000000,0.903024,-0.000001,-0.429589,0.000000,-0.429589,-0.000002,-0.903024,0.000000,-0.023698,0.015715,0.006128,1.000000;;
       }

       Frame Bip01_L_UpperArm {
        

        FrameTransformMatrix {
         0.255480,-0.912318,-0.320008,0.000000,0.628607,0.408226,-0.661970,0.000000,0.734563,-0.032039,0.677784,0.000000,0.087086,0.000000,0.000000,1.000000;;
        }

        Frame Bip01_L_Forearm {
         

         FrameTransformMatrix {
          0.823668,-0.000000,-0.567072,0.000000,-0.000000,1.000000,0.000000,0.000000,0.567072,0.000000,0.823668,0.000000,0.137062,0.000000,0.000000,1.000000;;
         }

         Frame Bip01_L_Hand {
          

          FrameTransformMatrix {
           0.971486,-0.212704,0.104747,0.000000,-0.102153,0.023181,0.994499,0.000000,-0.213962,-0.976842,0.000792,0.000000,0.137062,-0.000000,0.000000,1.000000;;
          }

          Frame Bip01_L_Finger0 {
           

           FrameTransformMatrix {
            0.556874,-0.020367,0.830347,0.000000,0.558537,0.749101,-0.356210,0.000000,-0.614759,0.662144,0.428531,0.000000,0.057681,-0.023605,-0.000272,1.000000;;
           }

           Frame Bip01_L_Finger0Nub {
            

            FrameTransformMatrix {
             1.000000,-0.000000,-0.000000,0.000000,0.000000,1.000000,0.000000,0.000000,-0.000000,0.000000,1.000000,0.000000,0.029435,0.000000,-0.000000,1.000000;;
            }
           }
          }

          Frame Bip01_L_Finger1 {
           

           FrameTransformMatrix {
            -0.342274,-0.000748,0.939600,0.000000,0.000000,1.000000,0.000796,0.000000,-0.939600,0.000273,-0.342274,0.000000,0.084102,0.000000,0.000000,1.000000;;
           }

           Frame Bip01_L_Finger1Nub {
            

            FrameTransformMatrix {
             1.000000,-0.000000,-0.000000,0.000000,0.000000,1.000000,0.000000,0.000000,-0.000000,0.000000,1.000000,0.000000,0.047988,0.000000,-0.000000,1.000000;;
            }
           }
          }
         }
        }
       }
      }

      Frame Bip01_R_Clavicle {
       

       FrameTransformMatrix {
        -0.000000,-1.000000,0.000003,0.000000,-0.903024,0.000001,0.429589,0.000000,-0.429589,-0.000002,-0.903024,0.000000,-0.023698,-0.015714,0.006128,1.000000;;
       }

       Frame Bip01_R_UpperArm {
        

        FrameTransformMatrix {
         0.313047,0.948166,-0.054615,0.000000,-0.871946,0.309723,0.379185,0.000000,0.376446,-0.071082,0.923708,0.000000,0.087086,0.000000,-0.000000,1.000000;;
        }

        Frame Bip01_R_Forearm {
         

         FrameTransformMatrix {
          0.811989,0.000000,-0.583672,0.000000,0.000000,1.000000,0.000000,0.000000,0.583672,-0.000000,0.811989,0.000000,0.137062,0.000000,0.000000,1.000000;;
         }

         Frame Bip01_R_Hand {
          

          FrameTransformMatrix {
           0.876605,0.385158,-0.288474,0.000000,-0.438815,0.393779,-0.807700,0.000000,-0.197497,0.834621,0.514202,0.000000,0.137062,0.000000,-0.000000,1.000000;;
          }

          Frame Bip01_R_Finger0 {
           

           FrameTransformMatrix {
            0.556874,0.020367,0.830347,0.000000,-0.558537,0.749101,0.356210,0.000000,-0.614759,-0.662144,0.428531,0.000000,0.057681,0.023605,-0.000272,1.000000;;
           }

           Frame Bip01_R_Finger0Nub {
            

            FrameTransformMatrix {
             -1.000000,-0.000000,-0.000000,0.000000,0.000000,1.000000,0.000000,0.000000,0.000000,0.000000,-1.000000,0.000000,0.029435,0.000000,0.000000,1.000000;;
            }
           }
          }

          Frame Bip01_R_Finger1 {
           

           FrameTransformMatrix {
            -0.342274,0.000748,0.939600,0.000000,-0.000000,1.000000,-0.000796,0.000000,-0.939600,-0.000273,-0.342274,0.000000,0.084102,-0.000000,0.000000,1.000000;;
           }

           Frame Bip01_R_Finger1Nub {
            

            FrameTransformMatrix {
             -1.000000,-0.000000,0.000000,0.000000,-0.000000,1.000000,-0.000000,0.000000,-0.000000,-0.000000,-1.000000,0.000000,0.047988,0.000000,0.000000,1.000000;;
            }
           }
          }
         }
        }
       }
      }
     }

     Frame Bip01_BackPack {
      

      FrameTransformMatrix {
       0.035097,-0.075887,-0.996499,0.000000,0.053820,0.995809,-0.073939,0.000000,0.997934,-0.051036,0.039035,0.000000,0.051182,0.000002,-0.091273,1.000000;;
      }

      Frame Bip01_BackPackNub {
       

       FrameTransformMatrix {
        0.000796,0.000003,1.000000,0.000000,-0.000000,-1.000000,0.000003,0.000000,1.000000,0.000000,-0.000796,0.000000,0.053240,0.000000,-0.000000,1.000000;;
       }
      }
     }
    }

    Frame Bip01_L_Thigh {
     

     FrameTransformMatrix {
      -0.942619,0.097674,0.319263,0.000000,-0.142365,-0.982546,-0.119734,0.000000,0.301996,-0.158315,0.940072,0.000000,-0.048109,0.055118,-0.002813,1.000000;;
     }

     Frame Bip01_L_Calf {
      

      FrameTransformMatrix {
       0.999997,0.000000,-0.002441,0.000000,0.000000,1.000000,0.000000,0.000000,0.002441,-0.000000,0.999997,0.000000,0.237500,0.000000,0.000000,1.000000;;
      }

      Frame Bip01_L_Foot {
       

       FrameTransformMatrix {
        0.987077,0.146611,-0.064683,0.000000,-0.131589,0.971947,0.194946,0.000000,0.091449,-0.183916,0.978679,0.000000,0.206841,-0.000000,0.000000,1.000000;;
       }

       Frame Bip01_L_Toe0 {
        

        FrameTransformMatrix {
         -0.000001,0.000001,1.000000,0.000000,-0.000000,1.000000,-0.000001,0.000000,-1.000000,-0.000000,-0.000001,0.000000,0.065373,-0.000000,0.066450,1.000000;;
        }

        Frame Bip01_L_Toe0Nub {
         

         FrameTransformMatrix {
          -1.000000,0.000000,-0.000000,0.000000,-0.000000,1.000000,0.000000,0.000000,0.000000,0.000000,-1.000000,0.000000,0.006735,0.000000,0.000000,1.000000;;
         }
        }
       }
      }
     }
    }

    Frame Bip01_R_Thigh {
     

     FrameTransformMatrix {
      -0.855478,-0.113214,0.505312,0.000000,0.077840,-0.992835,-0.090662,0.000000,0.511956,-0.038226,0.858161,0.000000,-0.054971,-0.055118,-0.003226,1.000000;;
     }

     Frame Bip01_R_Calf {
      

      FrameTransformMatrix {
       0.883324,-0.000000,-0.468763,0.000000,0.000000,1.000000,-0.000000,0.000000,0.468763,0.000000,0.883324,0.000000,0.237500,0.000000,0.000000,1.000000;;
      }

      Frame Bip01_R_Foot {
       

       FrameTransformMatrix {
        0.988685,-0.068785,0.133307,0.000000,-0.035979,0.753995,0.655894,0.000000,-0.145628,-0.653269,0.742989,0.000000,0.206841,0.000000,-0.000000,1.000000;;
       }

       Frame Bip01_R_Toe0 {
        

        FrameTransformMatrix {
         -0.087157,-0.000000,0.996195,0.000000,-0.000000,1.000000,0.000000,0.000000,-0.996195,-0.000000,-0.087157,0.000000,0.065373,-0.000000,0.066450,1.000000;;
        }

        Frame Bip01_R_Toe0Nub {
         

         FrameTransformMatrix {
          1.000000,-0.000000,0.000000,0.000000,-0.000000,1.000000,-0.000000,0.000000,0.000000,-0.000000,1.000000,0.000000,0.006735,-0.000000,0.000000,1.000000;;
         }
        }
       }
      }
     }
    }
   }

   Frame Bip01_DressFront {
    

    FrameTransformMatrix {
     -0.830864,-0.008445,0.556411,0.000000,-0.032673,0.998900,-0.033628,0.000000,-0.555515,-0.046119,-0.830227,0.000000,-0.043921,0.001406,0.061063,1.000000;;
    }

    Frame Bip01_DressFront02 {
     

     FrameTransformMatrix {
      0.946511,0.081243,0.312276,0.000000,-0.077173,0.996694,-0.025393,0.000000,-0.313307,-0.000065,0.949652,0.000000,0.183366,0.000000,-0.000125,1.000000;;
     }

     Frame Bip01_DressFrontNub {
      

      FrameTransformMatrix {
       0.000796,0.000003,1.000000,0.000000,0.000000,-1.000000,0.000003,0.000000,1.000000,0.000000,-0.000796,0.000000,0.165302,0.000000,-0.000000,1.000000;;
      }
     }
    }
   }

   Frame Bip01_DressBack {
    

    FrameTransformMatrix {
     -0.830379,0.045218,0.555361,0.000000,-0.011734,0.995062,-0.098565,0.000000,-0.557076,-0.088363,-0.825748,0.000000,-0.047654,0.000012,-0.078304,1.000000;;
    }

    Frame Bip01_DressBack02 {
     

     FrameTransformMatrix {
      0.961427,0.000001,0.275061,0.000000,-0.000001,1.000000,-0.000000,0.000000,-0.275061,0.000000,0.961427,0.000000,0.176189,0.000000,-0.000105,1.000000;;
     }

     Frame Bip01_DressBackNub {
      

      FrameTransformMatrix {
       0.000796,0.000003,1.000000,0.000000,-0.000000,-1.000000,0.000003,0.000000,1.000000,0.000000,-0.000796,0.000000,0.136508,0.000000,0.000000,1.000000;;
      }
     }
    }
   }
  }

  Frame Bip01_Prop1 {
   

   FrameTransformMatrix {
    0.977893,0.111139,-0.177128,0.000000,0.177513,0.006501,0.984097,0.000000,0.110523,-0.993784,-0.013371,0.000000,0.024908,-0.011984,-0.136265,1.000000;;
   }
  }

  Frame Bip01_Prop2 {
   

   FrameTransformMatrix {
    1.000000,0.000000,-0.000000,0.000000,0.000000,1.000000,-0.000000,0.000000,-0.000000,0.000000,1.000000,0.000000,0.109229,0.024051,0.111682,1.000000;;
   }
  }
 }
}

Frame Translation_Data {
 

 FrameTransformMatrix {
  1.000000,0.000000,0.000000,0.000000,0.000000,-0.000000,-1.000000,0.000000,0.000000,1.000000,-0.000000,0.000000,0.000000,-0.000000,0.000000,1.000000;;
 }
}

Frame Body {
 

 FrameTransformMatrix {
  1.000000,0.000000,0.000000,0.000000,0.000000,1.000000,0.000000,0.000000,0.000000,0.000000,1.000000,0.000000,0.000000,0.000000,0.000000,1.000000;;
 }

 Mesh Body {
  617;
  0.100607;0.748407;-0.048068;,
  0.059304;0.765275;-0.059168;,
  0.067445;0.732570;-0.055578;,
  0.110646;0.730322;-0.036871;,
  0.113265;0.715133;-0.025892;,
  0.078048;0.698137;-0.051033;,
  0.090506;0.671604;-0.030271;,
  0.112637;0.690682;0.007154;,
  0.049000;0.801701;-0.039637;,
  0.087472;0.791557;-0.022890;,
  0.085387;0.799565;0.008175;,
  0.053491;0.801594;0.000848;,
  0.057307;0.574849;0.107098;,
  0.009152;0.573883;0.108699;,
  0.014097;0.582870;0.101198;,
  0.054328;0.581716;0.098491;,
  0.076955;0.565931;0.049522;,
  0.076604;0.548056;0.079182;,
  0.067316;0.550430;0.012043;,
  0.055603;0.500950;0.036714;,
  0.076155;0.516452;0.055074;,
  0.040881;0.693822;-0.067925;,
  0.043596;0.662278;-0.055934;,
  -0.027682;0.565746;0.089684;,
  -0.023384;0.577218;0.080992;,
  0.035161;0.684385;0.087796;,
  -0.013342;0.682903;0.068957;,
  -0.009748;0.724704;0.056432;,
  0.044486;0.729858;0.073296;,
  0.068839;0.472780;0.041842;,
  0.087104;0.377576;0.039783;,
  0.112507;0.378728;0.079893;,
  0.086815;0.476365;0.088574;,
  0.098725;0.287401;0.038262;,
  0.110530;0.285067;0.089901;,
  0.016392;0.468958;0.041461;,
  -0.025963;0.471159;0.130651;,
  0.013343;0.367883;0.119665;,
  0.033986;0.370554;0.046603;,
  0.047104;0.277021;0.107413;,
  0.059175;0.277845;0.066762;,
  0.059510;0.461801;0.142737;,
  0.089962;0.377019;0.140590;,
  0.084673;0.284288;0.121563;,
  0.125674;0.007886;0.098008;,
  0.089202;0.007866;0.071650;,
  0.068048;0.008440;0.115644;,
  0.097767;0.008413;0.133862;,
  0.099562;0.231905;0.058331;,
  0.108609;0.158390;0.056193;,
  0.126432;0.156987;0.093086;,
  0.119321;0.231302;0.096071;,
  0.121617;0.078334;0.056424;,
  0.128295;0.077237;0.090380;,
  0.055777;0.206587;0.065138;,
  0.036835;0.216172;0.116675;,
  0.055219;0.153515;0.108026;,
  0.073045;0.149841;0.069259;,
  0.088352;0.083499;0.098518;,
  0.097510;0.069135;0.069845;,
  0.102495;0.231924;0.142556;,
  0.113284;0.159374;0.129240;,
  0.109848;0.090284;0.108323;,
  0.077451;0.522883;0.095381;,
  0.025058;0.486109;0.009696;,
  0.015917;0.457713;0.031974;,
  0.016392;0.468958;0.041461;,
  0.052278;0.534686;0.142398;,
  -0.003084;0.536001;0.138496;,
  0.052446;0.479690;0.147842;,
  0.000601;0.484395;0.147054;,
  0.027700;0.632708;0.094668;,
  0.071063;0.679105;0.087117;,
  0.088936;0.678648;0.076309;,
  0.105936;0.662961;0.028746;,
  0.084076;0.615533;0.042017;,
  0.067664;0.627945;0.087941;,
  0.089938;0.646332;-0.014028;,
  0.076844;0.602127;0.008512;,
  0.045677;0.644810;-0.042864;,
  0.035385;0.593313;-0.016241;,
  0.133914;0.725029;-0.038376;,
  0.086097;0.732125;-0.014736;,
  0.154093;0.681135;-0.023177;,
  0.100687;0.675223;0.003334;,
  0.121579;0.631213;0.021235;,
  0.164988;0.635542;-0.000154;,
  0.110322;0.745313;0.039588;,
  0.125431;0.700580;0.059103;,
  0.100687;0.675223;0.003334;,
  0.142271;0.647184;0.068200;,
  0.121579;0.631213;0.021235;,
  0.120441;0.749783;0.042048;,
  0.158210;0.749568;0.017804;,
  0.178895;0.706807;0.032521;,
  0.185584;0.651416;0.046946;,
  0.151267;0.737554;-0.017443;,
  0.166437;0.616694;-0.009541;,
  0.115524;0.608936;0.015914;,
  0.126253;0.549995;0.006277;,
  0.158370;0.557497;-0.009835;,
  0.132006;0.509911;0.004221;,
  0.154840;0.507318;-0.007666;,
  0.115524;0.608936;0.015914;,
  0.143109;0.609375;0.072657;,
  0.158620;0.550706;0.053455;,
  0.126253;0.549995;0.006277;,
  0.155958;0.508653;0.035781;,
  0.132006;0.509911;0.004221;,
  0.193791;0.617162;0.047428;,
  0.183066;0.556768;0.040818;,
  0.171719;0.505329;0.026095;,
  0.094723;0.437206;0.018694;,
  0.109282;0.448560;0.006735;,
  0.148301;0.448248;0.034950;,
  0.133602;0.437037;0.046325;,
  0.100469;0.441100;0.003769;,
  0.105477;0.433310;0.010096;,
  0.109276;0.426974;0.001941;,
  0.099295;0.434708;-0.005920;,
  0.139007;0.479857;0.043398;,
  0.143936;0.442832;0.042573;,
  0.127418;0.448979;-0.007173;,
  0.115089;0.480729;-0.000183;,
  0.172595;0.474553;0.026811;,
  0.158714;0.431951;0.034743;,
  0.148598;0.476198;-0.019271;,
  0.143250;0.438538;-0.013242;,
  0.112916;0.797206;-0.014010;,
  0.127337;0.784597;-0.036976;,
  0.087472;0.791557;-0.022890;,
  0.092385;0.776274;-0.042349;,
  0.085173;0.729015;0.071568;,
  0.066458;0.783618;-0.053417;,
  0.129036;0.758451;-0.045811;,
  0.100607;0.748407;-0.048068;,
  0.110646;0.730322;-0.036871;,
  0.122599;0.740316;-0.031097;,
  0.099470;0.769760;0.040667;,
  0.053390;0.765974;0.045209;,
  0.103755;0.771711;0.036214;,
  -0.002279;0.756858;0.031206;,
  0.011227;0.789879;-0.017106;,
  0.085387;0.799565;0.008175;,
  0.103755;0.771711;0.036214;,
  0.105002;0.725026;0.000490;,
  0.106251;0.760240;0.032768;,
  0.086097;0.732125;-0.014736;,
  0.099022;0.712459;0.048159;,
  0.105439;0.693919;0.019485;,
  0.113265;0.715133;-0.025892;,
  0.098159;0.722371;0.061578;,
  0.115089;0.480729;-0.000183;,
  0.057192;0.819590;-0.077518;,
  0.069983;0.801712;-0.083539;,
  0.020501;0.802584;-0.047012;,
  0.030643;0.825359;-0.080183;,
  0.143250;0.438538;-0.013242;,
  0.094723;0.437206;0.018694;,
  0.133602;0.437037;0.046325;,
  0.106550;0.459457;-0.001155;,
  0.110764;0.442457;-0.020239;,
  0.106550;0.459457;-0.001155;,
  0.117417;0.447049;0.005534;,
  0.130427;0.435872;-0.012117;,
  0.130427;0.435872;-0.012117;,
  0.100469;0.441100;0.003769;,
  0.099295;0.434708;-0.005920;,
  0.109276;0.426974;0.001941;,
  0.171783;0.028468;0.035862;,
  0.164814;0.024907;-0.012634;,
  0.169625;0.006228;-0.017854;,
  0.180169;0.006744;0.032922;,
  0.070743;0.041698;0.104244;,
  0.068048;0.008440;0.115644;,
  0.089202;0.007866;0.071650;,
  0.089564;0.032784;0.068478;,
  0.088352;0.083499;0.098518;,
  0.109848;0.090284;0.108323;,
  0.106294;0.044713;0.125738;,
  0.125674;0.007886;0.098008;,
  0.097767;0.008413;0.133862;,
  0.128218;0.042793;0.096103;,
  0.121617;0.078334;0.056424;,
  0.128295;0.077237;0.090380;,
  0.134447;0.006387;-0.027473;,
  0.135932;0.022021;-0.018276;,
  0.180169;0.006744;0.032922;,
  0.134447;0.006387;-0.027473;,
  0.033986;0.370554;0.046603;,
  0.059175;0.277845;0.066762;,
  0.055777;0.206587;0.065138;,
  0.073045;0.149841;0.069259;,
  0.097510;0.069135;0.069845;,
  0.097510;0.069135;0.069845;,
  -0.009388;0.461299;0.077258;,
  0.083936;0.784433;-0.104183;,
  0.076393;0.764512;-0.106787;,
  0.067680;0.763444;-0.099789;,
  0.065453;0.784860;-0.089672;,
  0.074385;0.812390;-0.114444;,
  0.065136;0.834543;-0.116935;,
  0.052336;0.816341;-0.238009;,
  0.032499;0.816757;-0.241847;,
  0.034253;0.787103;-0.238880;,
  0.071457;0.751413;-0.190394;,
  0.066247;0.767977;-0.214503;,
  0.054878;0.743836;-0.191084;,
  0.087933;0.797100;-0.129295;,
  0.081574;0.768113;-0.127200;,
  0.081497;0.796339;-0.112005;,
  0.086814;0.824655;-0.156922;,
  0.087899;0.806654;-0.173560;,
  0.085931;0.812695;-0.210226;,
  0.078592;0.786409;-0.216166;,
  0.085072;0.779877;-0.177741;,
  0.071229;0.862250;-0.156355;,
  0.083315;0.841012;-0.155323;,
  0.031636;0.870917;-0.152738;,
  0.030267;0.873578;-0.201939;,
  0.063610;0.865135;-0.204166;,
  0.086435;0.773725;-0.155928;,
  0.073306;0.749227;-0.158125;,
  0.073267;0.751446;-0.122239;,
  0.060309;0.731761;-0.102300;,
  0.041418;0.720671;-0.101501;,
  0.040538;0.739961;-0.092895;,
  0.060561;0.782168;-0.229950;,
  0.072386;0.814584;-0.228614;,
  0.079701;0.847264;-0.208002;,
  0.065877;0.843658;-0.226917;,
  0.030757;0.852400;-0.230649;,
  0.048157;0.850463;-0.229689;,
  0.033761;0.847706;-0.120012;,
  0.079701;0.847264;-0.208002;,
  0.065877;0.843658;-0.226917;,
  0.094096;0.797708;-0.132209;,
  0.102707;0.823983;-0.152563;,
  0.097246;0.821950;-0.173046;,
  0.091149;0.810854;-0.156841;,
  0.102707;0.823983;-0.152563;,
  0.094096;0.797708;-0.132209;,
  0.097246;0.821950;-0.173046;,
  0.087899;0.806654;-0.173560;,
  0.089716;0.792649;-0.152729;,
  0.087933;0.797100;-0.129295;,
  0.072098;0.756245;-0.179212;,
  0.089716;0.792649;-0.152729;,
  0.066458;0.783618;-0.053417;,
  0.069983;0.801712;-0.083539;,
  0.092385;0.776274;-0.042349;,
  0.074385;0.812390;-0.114444;,
  0.038719;0.743466;-0.078198;,
  0.039021;0.720625;-0.071549;,
  0.031102;0.543615;-0.011329;,
  -0.039806;0.529414;0.118968;,
  -0.040668;0.496119;0.127174;,
  -0.031103;0.460138;0.124378;,
  0.042604;0.757222;-0.093569;,
  -0.009388;0.461299;0.077258;,
  0.048157;0.850463;-0.229689;,
  0.030757;0.852400;-0.230649;,
  0.059852;0.736928;-0.133872;,
  0.051699;0.737260;-0.157435;,
  0.052304;0.733927;-0.148395;,
  0.035205;0.772466;-0.233898;,
  0.036710;0.753070;-0.217499;,
  0.052750;0.749573;-0.179592;,
  -0.015341;0.629774;0.075071;,
  0.092385;0.776274;-0.042349;,
  0.169625;0.006228;-0.017854;,
  0.059522;0.734989;-0.127559;,
  0.052271;0.727327;-0.127709;,
  0.051723;0.732279;-0.131070;,
  0.039891;0.722087;-0.159911;,
  0.039823;0.728164;-0.148785;,
  0.051525;0.728999;-0.136350;,
  0.040083;0.731229;-0.131235;,
  0.040630;0.723534;-0.126754;,
  0.038300;0.736259;-0.191773;,
  0.038516;0.736878;-0.181624;,
  0.106251;0.760240;0.032768;,
  0.040293;0.724855;-0.137367;,
  0.095374;0.735741;0.011890;,
  0.105002;0.725026;0.000490;,
  0.113265;0.715133;-0.025892;,
  0.083315;0.841012;-0.155323;,
  0.099562;0.231905;0.058331;,
  0.073445;0.230195;0.018338;,
  0.090881;0.155550;0.028900;,
  0.108609;0.158390;0.056193;,
  0.098725;0.287401;0.038262;,
  0.071562;0.279666;0.011105;,
  0.087104;0.377576;0.039783;,
  0.045268;0.368204;0.014700;,
  0.068839;0.472780;0.041842;,
  0.029728;0.455318;0.016714;,
  0.055603;0.500950;0.036714;,
  0.101606;0.084095;0.030357;,
  0.121617;0.078334;0.056424;,
  0.050853;0.147750;0.133524;,
  0.063737;0.078844;0.131851;,
  0.007782;0.104089;0.121168;,
  0.003771;0.177054;0.114753;,
  0.004750;0.243316;0.100456;,
  0.036447;0.213483;0.131056;,
  0.002481;0.310195;0.095533;,
  0.030014;0.272580;0.133203;,
  0.006946;0.367700;0.133188;,
  -0.019901;0.386654;0.114250;,
  -0.037766;0.469155;0.128599;,
  0.095374;0.735741;0.011890;,
  -0.027617;0.733261;-0.094267;,
  -0.038450;0.712713;-0.090587;,
  0.005213;0.725220;-0.077998;,
  0.006815;0.759076;-0.078079;,
  -0.044186;0.695916;-0.083481;,
  -0.054134;0.673609;-0.060360;,
  -0.008855;0.661432;-0.070495;,
  0.001523;0.689099;-0.078603;,
  -0.005298;0.795289;-0.059200;,
  -0.034144;0.791244;-0.030725;,
  -0.061565;0.782575;-0.044647;,
  -0.041924;0.776544;-0.069508;,
  -0.088079;0.558900;0.027118;,
  -0.079049;0.568876;0.024449;,
  -0.060656;0.575673;0.059700;,
  -0.064155;0.565841;0.068372;,
  -0.047197;0.553979;-0.019399;,
  -0.070304;0.531940;-0.001635;,
  -0.008352;0.543145;-0.029964;,
  -0.045225;0.503954;-0.011033;,
  -0.015953;0.493100;-0.002651;,
  -0.023384;0.577218;0.080992;,
  -0.027682;0.565746;0.089684;,
  -0.058609;0.676733;0.044316;,
  -0.060362;0.719124;0.030850;,
  -0.009748;0.724704;0.056432;,
  -0.013342;0.682903;0.068957;,
  -0.028055;0.470836;-0.018045;,
  -0.075221;0.464141;-0.002936;,
  -0.069088;0.372137;-0.044700;,
  -0.022863;0.380512;-0.051665;,
  -0.058410;0.279278;-0.052825;,
  -0.013201;0.284725;-0.078578;,
  0.006824;0.468127;0.017586;,
  0.008674;0.371572;-0.008736;,
  -0.030269;0.351091;0.053194;,
  -0.047078;0.468842;0.119035;,
  -0.006167;0.276775;-0.030715;,
  -0.027327;0.274933;0.005064;,
  -0.097948;0.355569;0.010870;,
  -0.096916;0.440559;0.049284;,
  -0.063700;0.278830;-0.012996;,
  -0.079458;0.006310;-0.018434;,
  -0.119050;0.008551;0.003747;,
  -0.105447;0.010325;0.035792;,
  -0.058808;0.008429;0.021493;,
  -0.029715;0.223811;-0.053115;,
  -0.070445;0.227758;-0.041263;,
  -0.075740;0.154275;-0.028847;,
  -0.036946;0.150956;-0.041679;,
  -0.075941;0.075949;-0.015724;,
  -0.044299;0.073442;-0.024486;,
  -0.004619;0.207924;-0.011615;,
  -0.021529;0.151196;-0.006030;,
  -0.036447;0.165616;0.031436;,
  -0.027639;0.230855;0.033673;,
  -0.055162;0.069092;0.009959;,
  -0.065364;0.088760;0.020045;,
  -0.092129;0.166153;0.003956;,
  -0.091652;0.240657;0.001495;,
  -0.082462;0.093771;0.004987;,
  -0.080102;0.505599;0.008708;,
  0.006824;0.468127;0.017586;,
  -0.076391;0.527959;0.098168;,
  -0.108297;0.517071;0.054062;,
  -0.072752;0.470886;0.101233;,
  -0.101569;0.459928;0.059618;,
  -0.056388;0.626781;0.051655;,
  -0.079758;0.666799;0.017182;,
  -0.082575;0.664654;-0.003219;,
  -0.073078;0.618025;0.015949;,
  -0.043174;0.606564;-0.023074;,
  -0.053914;0.649918;-0.045375;,
  -0.009782;0.596021;-0.035799;,
  -0.008051;0.638336;-0.059465;,
  -0.073177;0.698554;-0.104389;,
  -0.097762;0.656742;-0.089820;,
  -0.034547;0.710181;-0.068777;,
  -0.115883;0.614847;-0.064850;,
  -0.080977;0.614777;-0.031056;,
  -0.054894;0.656051;-0.047965;,
  -0.073729;0.730294;-0.026680;,
  -0.054894;0.656051;-0.047965;,
  -0.094790;0.688396;-0.006401;,
  -0.080977;0.614777;-0.031056;,
  -0.114599;0.636177;0.004848;,
  -0.084039;0.734800;-0.028031;,
  -0.137686;0.689388;-0.048386;,
  -0.112783;0.730161;-0.062187;,
  -0.149457;0.636169;-0.028776;,
  -0.095791;0.713459;-0.091635;,
  -0.114408;0.595204;-0.071788;,
  -0.106771;0.536770;-0.061964;,
  -0.081025;0.532521;-0.036148;,
  -0.073558;0.592559;-0.031480;,
  -0.103979;0.487861;-0.052090;,
  -0.088582;0.494666;-0.031099;,
  -0.073558;0.592559;-0.031480;,
  -0.081025;0.532521;-0.036148;,
  -0.126110;0.537909;-0.001330;,
  -0.116976;0.599071;0.013850;,
  -0.088582;0.494666;-0.031099;,
  -0.121454;0.489642;-0.013646;,
  -0.145593;0.541445;-0.021379;,
  -0.157669;0.601785;-0.026181;,
  -0.130499;0.488244;-0.025849;,
  -0.044662;0.441205;0.008353;,
  -0.086604;0.419619;0.001284;,
  -0.094661;0.429248;-0.016423;,
  -0.052344;0.451211;-0.009668;,
  -0.041342;0.448285;-0.006131;,
  -0.031849;0.446441;-0.012656;,
  -0.039525;0.433817;-0.014367;,
  -0.044810;0.437636;-0.005505;,
  -0.108170;0.456969;-0.002074;,
  -0.066883;0.480439;-0.016793;,
  -0.056173;0.451170;-0.032204;,
  -0.093835;0.423022;-0.008235;,
  -0.093864;0.411801;-0.024733;,
  -0.117918;0.448231;-0.037571;,
  -0.075446;0.473303;-0.053988;,
  -0.058146;0.439395;-0.048140;,
  -0.068362;0.775824;-0.079286;,
  -0.062143;0.762233;-0.105190;,
  -0.030819;0.761723;-0.086738;,
  -0.041924;0.776544;-0.069508;,
  -0.087397;0.711347;0.001706;,
  -0.005953;0.775066;-0.079505;,
  -0.053198;0.736627;-0.111413;,
  -0.055889;0.716369;-0.097737;,
  -0.038450;0.712713;-0.090587;,
  -0.027617;0.733261;-0.094267;,
  -0.084748;0.748737;-0.026059;,
  -0.085490;0.750237;-0.032161;,
  -0.054660;0.753212;0.006280;,
  -0.002279;0.756858;0.031206;,
  0.011227;0.789879;-0.017106;,
  -0.061565;0.782575;-0.044647;,
  -0.085490;0.750237;-0.032161;,
  -0.056236;0.705651;-0.058316;,
  -0.034547;0.710181;-0.068777;,
  -0.083247;0.738329;-0.036011;,
  -0.058327;0.677153;-0.046812;,
  -0.077485;0.694389;-0.023296;,
  -0.044186;0.695916;-0.083481;,
  -0.088191;0.703293;-0.013862;,
  -0.066883;0.480439;-0.016793;,
  0.002153;0.795644;-0.095801;,
  0.007011;0.815101;-0.086590;,
  0.030643;0.825359;-0.080183;,
  0.020501;0.802584;-0.047012;,
  -0.058146;0.439395;-0.048140;,
  -0.044662;0.441205;0.008353;,
  -0.086604;0.419619;0.001284;,
  -0.034431;0.455017;-0.030444;,
  -0.050876;0.464491;-0.012815;,
  -0.050876;0.464491;-0.012815;,
  -0.056280;0.447885;-0.016254;,
  -0.049157;0.440441;-0.038605;,
  -0.049157;0.440441;-0.038605;,
  -0.031849;0.446441;-0.012656;,
  -0.041342;0.448285;-0.006131;,
  -0.039525;0.433817;-0.014367;,
  -0.010947;0.024022;-0.055910;,
  -0.007017;0.001832;-0.062473;,
  0.041623;0.001875;-0.044479;,
  0.035938;0.020815;-0.041604;,
  -0.093433;0.043348;0.032875;,
  -0.055362;0.033277;0.020143;,
  -0.058808;0.008429;0.021493;,
  -0.105447;0.010325;0.035792;,
  -0.065364;0.088760;0.020045;,
  -0.109379;0.044266;-0.005594;,
  -0.082462;0.093771;0.004987;,
  -0.079458;0.006310;-0.018434;,
  -0.076839;0.041002;-0.022713;,
  -0.119050;0.008551;0.003747;,
  -0.044299;0.073442;-0.024486;,
  -0.075941;0.075949;-0.015724;,
  0.037200;0.019649;-0.012085;,
  0.045913;0.004118;-0.008332;,
  0.045913;0.004118;-0.008332;,
  -0.007017;0.001832;-0.062473;,
  0.008674;0.371572;-0.008736;,
  -0.006167;0.276775;-0.030715;,
  -0.004619;0.207924;-0.011615;,
  -0.021529;0.151196;-0.006030;,
  -0.055162;0.069092;0.009959;,
  -0.055162;0.069092;0.009959;,
  -0.008107;0.779218;-0.101905;,
  0.012910;0.780160;-0.099171;,
  0.010611;0.760210;-0.098376;,
  0.001499;0.760268;-0.104933;,
  -0.002291;0.808046;-0.112546;,
  0.004263;0.831095;-0.115428;,
  0.013050;0.814116;-0.237036;,
  0.032499;0.816757;-0.241847;,
  0.003753;0.747577;-0.188718;,
  0.021026;0.741918;-0.190246;,
  0.005864;0.764556;-0.213008;,
  -0.005056;0.763205;-0.125055;,
  -0.014743;0.791282;-0.126753;,
  -0.007416;0.791301;-0.109804;,
  -0.018106;0.818711;-0.154325;,
  -0.017971;0.800656;-0.170939;,
  -0.012348;0.774357;-0.175329;,
  -0.008550;0.781473;-0.214009;,
  -0.018508;0.806778;-0.207640;,
  -0.016400;0.835363;-0.152854;,
  -0.006855;0.857827;-0.154422;,
  0.031636;0.870917;-0.152738;,
  -0.001977;0.861419;-0.202543;,
  0.030267;0.873578;-0.201939;,
  -0.011931;0.768151;-0.153493;,
  0.005314;0.747595;-0.120556;,
  0.003755;0.745286;-0.156403;,
  0.021379;0.729555;-0.101336;,
  0.009143;0.779255;-0.228677;,
  -0.006186;0.810133;-0.226669;,
  -0.002925;0.839760;-0.225213;,
  -0.016118;0.841835;-0.205630;,
  0.013755;0.848514;-0.228837;,
  0.030757;0.852400;-0.230649;,
  0.033761;0.847706;-0.120012;,
  -0.016118;0.841835;-0.205630;,
  -0.002925;0.839760;-0.225213;,
  -0.021070;0.791182;-0.129358;,
  -0.020845;0.804509;-0.154069;,
  -0.028948;0.814801;-0.169923;,
  -0.033587;0.816262;-0.149189;,
  -0.021070;0.791182;-0.129358;,
  -0.033587;0.816262;-0.149189;,
  -0.028948;0.814801;-0.169923;,
  -0.017971;0.800656;-0.170939;,
  -0.017165;0.786593;-0.150083;,
  -0.014743;0.791282;-0.126753;,
  0.003122;0.752336;-0.177504;,
  -0.017165;0.786593;-0.150083;,
  0.002153;0.795644;-0.095801;,
  -0.005953;0.775066;-0.079505;,
  -0.030819;0.761723;-0.086738;,
  -0.002291;0.808046;-0.112546;,
  -0.039806;0.529414;0.118968;,
  -0.040668;0.496119;0.127174;,
  -0.031103;0.460138;0.124378;,
  -0.009388;0.461299;0.077258;,
  0.013755;0.848514;-0.228837;,
  0.030757;0.852400;-0.230649;,
  0.019692;0.734652;-0.132878;,
  0.026805;0.732482;-0.147763;,
  0.026583;0.735837;-0.156814;,
  0.023058;0.747890;-0.178857;,
  -0.015341;0.629774;0.075071;,
  -0.030819;0.761723;-0.086738;,
  0.041623;0.001875;-0.044479;,
  0.028603;0.725986;-0.127123;,
  0.020549;0.732781;-0.126595;,
  0.028422;0.730959;-0.130493;,
  0.028728;0.727707;-0.135786;,
  -0.083247;0.738329;-0.036011;,
  -0.057499;0.717288;-0.044538;,
  -0.056236;0.705651;-0.058316;,
  -0.044186;0.695916;-0.083481;,
  -0.016400;0.835363;-0.152854;,
  0.030389;0.219816;-0.034561;,
  0.022449;0.143268;-0.026742;,
  0.060376;0.148094;0.000015;,
  0.053583;0.225104;-0.005410;,
  0.028246;0.281568;-0.050349;,
  0.054831;0.278823;-0.017057;,
  0.024734;0.371873;-0.020342;,
  0.038881;0.364052;-0.000566;,
  0.018431;0.458747;-0.000480;,
  0.025699;0.447989;0.011322;,
  0.025058;0.486109;0.009696;,
  -0.015953;0.493100;-0.002651;,
  0.022333;0.071078;-0.020512;,
  0.067996;0.082405;0.001224;,
  -0.047840;0.089343;0.068138;,
  -0.082453;0.093771;0.004997;,
  -0.092129;0.166153;0.003956;,
  -0.043516;0.163773;0.057359;,
  -0.091652;0.240657;0.001495;,
  -0.041622;0.229071;0.043771;,
  -0.035754;0.272129;0.038172;,
  -0.063700;0.278830;-0.012996;,
  -0.097948;0.355569;0.010870;,
  -0.036715;0.346102;0.068682;,
  -0.040668;0.496119;0.127174;,
  -0.072752;0.470886;0.101233;,
  -0.057499;0.717288;-0.044538;,
  -0.028055;0.470836;-0.018045;,
  -0.022863;0.380512;-0.051665;,
  -0.013201;0.284725;-0.078578;,
  -0.029715;0.223811;-0.053115;,
  -0.036946;0.150956;-0.041679;,
  -0.044299;0.073442;-0.024486;,
  0.089962;0.377019;0.140590;,
  0.000601;0.484396;0.147054;,
  0.059510;0.461801;0.142737;,
  0.084673;0.284288;0.121563;,
  0.102495;0.231924;0.142556;,
  0.113284;0.159374;0.129240;,
  0.109848;0.090284;0.108323;,
  -0.096916;0.440559;0.049284;;
  916;
  3;0,2,1;,
  3;2,0,3;,
  3;4,6,5;,
  3;6,4,7;,
  3;8,10,9;,
  3;10,8,11;,
  3;12,14,13;,
  3;14,12,15;,
  3;16,12,17;,
  3;12,16,15;,
  3;18,20,19;,
  3;20,18,16;,
  3;5,22,21;,
  3;22,5,6;,
  3;13,24,23;,
  3;24,13,14;,
  3;25,27,26;,
  3;27,25,28;,
  3;29,31,30;,
  3;31,29,32;,
  3;31,33,30;,
  3;33,31,34;,
  3;35,37,36;,
  3;37,35,38;,
  3;38,39,37;,
  3;39,38,40;,
  3;36,42,41;,
  3;42,36,37;,
  3;37,43,42;,
  3;43,37,39;,
  3;41,31,32;,
  3;31,41,42;,
  3;42,34,31;,
  3;34,42,43;,
  3;44,46,45;,
  3;46,44,47;,
  3;48,50,49;,
  3;50,48,51;,
  3;49,53,52;,
  3;53,49,50;,
  3;54,56,55;,
  3;56,54,57;,
  3;57,58,56;,
  3;58,57,59;,
  3;55,61,60;,
  3;61,55,56;,
  3;56,62,61;,
  3;62,56,58;,
  3;60,50,51;,
  3;50,60,61;,
  3;61,53,50;,
  3;53,61,62;,
  3;32,20,63;,
  3;20,32,29;,
  3;64,66,65;,
  3;66,64,19;,
  3;13,67,12;,
  3;67,13,68;,
  3;68,69,67;,
  3;69,68,70;,
  3;70,41,69;,
  3;41,70,36;,
  3;48,34,51;,
  3;34,48,33;,
  3;51,43,60;,
  3;43,51,34;,
  3;43,55,60;,
  3;55,43,39;,
  3;39,54,55;,
  3;54,39,40;,
  3;12,63,17;,
  3;63,12,67;,
  3;67,32,63;,
  3;32,67,69;,
  3;69,41,32;,
  3;71,72,25;,
  3;73,75,74;,
  3;75,73,76;,
  3;75,77,74;,
  3;77,75,78;,
  3;79,78,80;,
  3;78,79,77;,
  3;81,83,82;,
  3;83,85,84;,
  3;85,83,86;,
  3;87,89,88;,
  3;89,90,88;,
  3;90,89,91;,
  3;92,94,93;,
  3;92,88,94;,
  3;92,87,88;,
  3;88,95,94;,
  3;95,88,90;,
  3;96,94,83;,
  3;94,86,83;,
  3;86,94,95;,
  3;97,99,98;,
  3;99,97,100;,
  3;100,101,99;,
  3;101,100,102;,
  3;103,105,104;,
  3;105,103,106;,
  3;106,107,105;,
  3;107,106,108;,
  3;104,110,109;,
  3;110,104,105;,
  3;105,111,110;,
  3;111,105,107;,
  3;109,100,97;,
  3;100,109,110;,
  3;110,102,100;,
  3;102,110,111;,
  3;112,114,113;,
  3;114,112,115;,
  3;116,118,117;,
  3;118,116,119;,
  3;120,122,121;,
  3;122,120,123;,
  3;120,125,124;,
  3;125,120,121;,
  3;126,125,127;,
  3;125,126,124;,
  3;95,97,86;,
  3;97,95,109;,
  3;86,98,85;,
  3;98,86,97;,
  3;90,103,104;,
  3;103,90,91;,
  3;104,95,90;,
  3;95,104,109;,
  3;128,96,129;,
  3;96,128,93;,
  3;129,130,128;,
  3;130,129,131;,
  3;72,28,25;,
  3;28,72,132;,
  3;9,133,8;,
  3;134,136,135;,
  3;136,134,137;,
  3;81,137,134;,
  3;138,11,139;,
  3;138,10,11;,
  3;138,140,10;,
  3;141,11,142;,
  3;11,141,139;,
  3;128,130,143;,
  3;93,144,92;,
  3;93,143,144;,
  3;93,128,143;,
  3;145,87,146;,
  3;87,145,147;,
  3;74,148,73;,
  3;148,74,149;,
  3;150,147,145;,
  3;7,149,74;,
  3;148,151,73;,
  3;102,152,101;,
  3;152,102,126;,
  3;102,124,126;,
  3;124,102,111;,
  3;111,120,124;,
  3;120,111,107;,
  3;120,108,123;,
  3;108,120,107;,
  3;8,154,153;,
  3;154,8,133;,
  3;153,155,8;,
  3;155,153,156;,
  3;121,113,114;,
  3;113,121,122;,
  3;122,112,113;,
  3;112,122,157;,
  3;158,125,159;,
  3;125,158,127;,
  3;159,121,114;,
  3;121,159,125;,
  3;126,160,152;,
  3;160,126,161;,
  3;162,122,123;,
  3;122,162,163;,
  3;122,164,157;,
  3;164,122,163;,
  3;165,126,127;,
  3;126,165,161;,
  3;161,166,160;,
  3;166,161,167;,
  3;162,117,163;,
  3;117,162,116;,
  3;163,118,164;,
  3;118,163,117;,
  3;165,167,161;,
  3;167,165,168;,
  3;169,171,170;,
  3;171,169,172;,
  3;173,175,174;,
  3;175,173,176;,
  3;177,179,178;,
  3;179,177,173;,
  3;180,179,181;,
  3;179,180,182;,
  3;183,169,170;,
  3;169,183,184;,
  3;175,186,185;,
  3;186,175,176;,
  3;45,187,44;,
  3;187,45,188;,
  3;180,169,182;,
  3;169,180,172;,
  3;19,29,66;,
  3;20,29,19;,
  3;29,30,189;,
  3;30,190,189;,
  3;190,30,33;,
  3;33,191,190;,
  3;191,33,48;,
  3;191,49,192;,
  3;49,191,48;,
  3;192,52,193;,
  3;52,192,49;,
  3;194,170,186;,
  3;170,194,183;,
  3;170,185,186;,
  3;185,170,171;,
  3;186,176,194;,
  3;194,173,177;,
  3;173,194,176;,
  3;179,174,181;,
  3;174,179,173;,
  3;178,182,184;,
  3;182,178,179;,
  3;182,169,184;,
  3;16,17,20;,
  3;17,63,20;,
  3;66,195,65;,
  3;196,198,197;,
  3;198,196,199;,
  3;200,153,154;,
  3;153,200,201;,
  3;202,204,203;,
  3;205,207,206;,
  3;196,209,208;,
  3;209,196,197;,
  3;210,208,211;,
  3;208,210,196;,
  3;212,214,213;,
  3;214,212,215;,
  3;212,213,211;,
  3;201,217,216;,
  3;217,201,200;,
  3;218,220,219;,
  3;220,218,216;,
  3;210,199,196;,
  3;214,205,206;,
  3;221,223,222;,
  3;197,198,224;,
  3;224,226,225;,
  3;226,224,198;,
  3;227,214,206;,
  3;228,229,213;,
  3;229,228,230;,
  3;219,232,231;,
  3;214,228,213;,
  3;156,201,233;,
  3;201,156,153;,
  3;233,216,218;,
  3;216,233,201;,
  3;220,216,234;,
  3;235,220,234;,
  3;236,238,237;,
  3;238,236,239;,
  3;208,240,211;,
  3;240,208,241;,
  3;211,242,212;,
  3;242,211,240;,
  3;243,239,244;,
  3;239,243,238;,
  3;244,236,245;,
  3;236,244,239;,
  3;246,221,222;,
  3;221,246,215;,
  3;221,212,247;,
  3;212,221,215;,
  3;199,248,1;,
  3;248,199,249;,
  3;133,9,250;,
  3;249,210,251;,
  3;210,249,199;,
  3;210,211,251;,
  3;252,2,253;,
  3;2,252,1;,
  3;19,254,18;,
  3;254,19,64;,
  3;23,68,13;,
  3;68,23,255;,
  3;68,256,70;,
  3;256,68,255;,
  3;256,36,70;,
  3;36,256,257;,
  3;258,1,252;,
  3;1,258,199;,
  3;257,259,36;,
  3;36,259,35;,
  3;260,203,261;,
  3;203,260,202;,
  3;262,263,222;,
  3;263,262,264;,
  3;198,258,226;,
  3;258,198,199;,
  3;265,204,227;,
  3;265,206,266;,
  3;206,265,227;,
  3;222,267,246;,
  3;267,222,263;,
  3;89,87,147;,
  3;82,83,84;,
  3;78,16,18;,
  3;16,78,75;,
  3;75,15,16;,
  3;15,75,76;,
  3;15,71,14;,
  3;71,15,76;,
  3;14,268,24;,
  3;268,14,71;,
  3;248,269,1;,
  3;1,269,0;,
  3;135,129,134;,
  3;129,135,131;,
  3;134,96,81;,
  3;96,134,129;,
  3;96,83,81;,
  3;94,96,93;,
  3;29,189,66;,
  3;205,215,246;,
  3;267,205,246;,
  3;205,267,207;,
  3;205,214,215;,
  3;187,188,270;,
  3;224,272,271;,
  3;223,221,209;,
  3;224,223,197;,
  3;271,273,262;,
  3;273,271,272;,
  3;263,275,274;,
  3;273,276,262;,
  3;277,272,278;,
  3;272,277,273;,
  3;223,271,262;,
  3;271,223,224;,
  3;223,209,197;,
  3;208,221,247;,
  3;221,208,209;,
  3;222,223,262;,
  3;266,207,279;,
  3;207,266,206;,
  3;207,280,279;,
  3;280,207,267;,
  3;280,263,274;,
  3;263,280,267;,
  3;264,262,276;,
  3;76,73,72;,
  3;138,281,140;,
  3;73,132,72;,
  3;132,73,151;,
  3;72,71,76;,
  3;272,225,278;,
  3;155,11,8;,
  3;276,277,282;,
  3;277,276,273;,
  3;275,276,282;,
  3;276,275,264;,
  3;28,141,27;,
  3;141,28,139;,
  3;139,132,138;,
  3;132,139,28;,
  3;132,281,138;,
  3;281,132,151;,
  3;281,148,283;,
  3;148,281,151;,
  3;283,149,284;,
  3;149,283,148;,
  3;7,284,149;,
  3;284,7,4;,
  3;6,79,22;,
  3;79,6,77;,
  3;77,7,74;,
  3;7,77,6;,
  3;5,3,4;,
  3;3,5,2;,
  3;285,137,82;,
  3;137,285,136;,
  3;137,81,82;,
  3;92,146,87;,
  3;146,92,144;,
  3;2,21,253;,
  3;21,2,5;,
  3;286,213,229;,
  3;251,211,286;,
  3;213,286,211;,
  3;234,216,217;,
  3;227,202,228;,
  3;202,230,228;,
  3;230,202,260;,
  3;232,220,235;,
  3;228,214,227;,
  3;26,71,25;,
  3;71,26,268;,
  3;155,142,11;,
  3;18,80,78;,
  3;80,18,254;,
  3;272,224,225;,
  3;275,263,264;,
  3;202,227,204;,
  3;232,219,220;,
  3;287,289,288;,
  3;289,287,290;,
  3;291,288,292;,
  3;288,291,287;,
  3;293,292,294;,
  3;292,293,291;,
  3;295,294,296;,
  3;294,295,293;,
  3;296,297,295;,
  3;298,290,299;,
  3;290,298,289;,
  3;300,302,301;,
  3;302,300,303;,
  3;304,300,305;,
  3;300,304,303;,
  3;306,305,307;,
  3;305,306,304;,
  3;308,306,307;,
  3;306,308,309;,
  3;308,310,309;,
  3;145,146,311;,
  3;312,314,313;,
  3;314,312,315;,
  3;316,318,317;,
  3;318,316,319;,
  3;320,322,321;,
  3;322,320,323;,
  3;324,326,325;,
  3;326,324,327;,
  3;328,324,325;,
  3;324,328,329;,
  3;330,331,328;,
  3;331,330,332;,
  3;319,22,318;,
  3;22,319,21;,
  3;327,333,326;,
  3;333,327,334;,
  3;335,337,336;,
  3;337,335,338;,
  3;339,341,340;,
  3;341,339,342;,
  3;341,344,343;,
  3;344,341,342;,
  3;345,347,346;,
  3;347,345,348;,
  3;346,350,349;,
  3;350,346,347;,
  3;348,351,347;,
  3;351,348,352;,
  3;347,353,350;,
  3;353,347,351;,
  3;352,341,351;,
  3;341,352,340;,
  3;351,343,353;,
  3;343,351,341;,
  3;354,356,355;,
  3;356,354,357;,
  3;358,360,359;,
  3;360,358,361;,
  3;361,362,360;,
  3;362,361,363;,
  3;364,366,365;,
  3;366,364,367;,
  3;365,369,368;,
  3;369,365,366;,
  3;367,370,366;,
