xof 0303txt 0032
template XSkinMeshHeader {
 <3cf169ce-ff7c-44ab-93c0-f78f62d172e2>
 WORD nMaxSkinWeightsPerVertex;
 WORD nMaxSkinWeightsPerFace;
 WORD nBones;
}

template VertexDuplicationIndices {
 <b8d65549-d7c9-4995-89cf-53a9a8b031e3>
 DWORD nIndices;
 DWORD nOriginalVertices;
 array DWORD indices[nIndices];
}

template SkinWeights {
 <6f0d123b-bad2-4167-a0d0-80224f25fabb>
 STRING transformNodeName;
 DWORD nWeights;
 array DWORD vertexIndices[nWeights];
 array FLOAT weights[nWeights];
 Matrix4x4 matrixOffset;
}

template AnimTicksPerSecond {
 <9e415a43-7ba6-4a73-8743-b73d47e88476>
 DWORD AnimTicksPerSecond;
}

template VertexElement {
 <f752461c-1e23-48f6-b9f8-8350850f336f>
 DWORD Type;
 DWORD Method;
 DWORD Usage;
 DWORD UsageIndex;
}

template DeclData {
 <bf22e553-292c-4781-9fea-62bd554bdd93>
 DWORD nElements;
 array VertexElement Elements[nElements];
 DWORD nDWords;
 array DWORD data[nDWords];
}


AnimTicksPerSecond {
 4800;
}

Frame Dummy01 {
 

 FrameTransformMatrix {
  1.000000,0.000000,0.000000,0.000000,0.000000,-0.000000,-1.000000,0.000000,0.000000,1.000000,-0.000000,0.000000,0.000000,0.000000,0.000000,1.000000;;
 }

 Frame Bip01 {
  

  FrameTransformMatrix {
   0.484444,0.819615,-0.305852,0.000000,0.122471,0.282633,0.951378,0.000000,0.866207,-0.498347,0.036540,0.000000,0.000000,-0.050407,0.508268,1.000000;;
  }

  Frame Bip01_Pelvis {
   

   FrameTransformMatrix {
    -0.000000,1.000000,-0.000001,0.000000,0.087154,0.000001,0.996195,0.000000,0.996195,-0.000000,-0.087154,0.000000,0.000000,0.000000,0.000000,1.000000;;
   }

   Frame Bip01_Spine {
    

    FrameTransformMatrix {
     0.998192,-0.005238,-0.059886,0.000000,-0.000001,0.996195,-0.087152,0.000000,0.060114,0.086994,0.994393,0.000000,0.051628,-0.000007,-0.000084,1.000000;;
    }

    Frame Bip01_Spine1 {
     

     FrameTransformMatrix {
      0.944325,-0.155507,0.289944,0.000000,0.115540,0.981865,0.150304,0.000000,-0.308059,-0.108436,0.945167,0.000000,0.106506,0.000009,-0.000080,1.000000;;
     }

     Frame Bip01_Neck {
      

      FrameTransformMatrix {
       1.000000,-0.000341,-0.000077,0.000000,0.000341,0.903366,0.428870,0.000000,-0.000077,-0.428870,0.903366,0.000000,0.130504,0.000012,0.004628,1.000000;;
      }

      Frame Bip01_Head {
       

       FrameTransformMatrix {
        0.716965,-0.041548,0.695869,0.000000,0.155695,0.982551,-0.101751,0.000000,-0.679500,0.181295,0.710924,0.000000,0.033674,0.000000,0.000000,1.000000;;
       }

       Frame Bip01_HeadNub {
        

        FrameTransformMatrix {
         1.000000,0.000000,0.000000,0.000000,0.000000,1.000000,0.000000,0.000000,-0.000000,0.000000,1.000000,0.000000,0.169824,0.000000,-0.000000,1.000000;;
        }
       }
      }

      Frame Bip01_L_Clavicle {
       

       FrameTransformMatrix {
        -0.000342,0.903365,-0.428872,0.000000,1.000000,0.000000,-0.000796,0.000000,-0.000719,-0.428872,-0.903365,0.000000,-0.024030,0.012193,-0.010913,1.000000;;
       }

       Frame Bip01_L_UpperArm {
        

        FrameTransformMatrix {
         0.255479,-0.912319,-0.320008,0.000000,0.628607,0.408225,-0.661971,0.000000,0.734563,-0.032039,0.677783,0.000000,0.087086,0.000000,-0.000000,1.000000;;
        }

        Frame Bip01_L_Forearm {
         

         FrameTransformMatrix {
          0.823668,0.000000,-0.567072,0.000000,-0.000000,1.000000,0.000000,0.000000,0.567072,-0.000000,0.823668,0.000000,0.137062,0.000000,0.000000,1.000000;;
         }

         Frame Bip01_L_Hand {
          

          FrameTransformMatrix {
           0.971486,-0.212704,0.104747,0.000000,-0.102153,0.023181,0.994499,0.000000,-0.213962,-0.976842,0.000792,0.000000,0.137062,-0.000000,0.000000,1.000000;;
          }

          Frame Bip01_L_Finger0 {
           

           FrameTransformMatrix {
            0.556874,-0.020367,0.830347,0.000000,0.558537,0.749101,-0.356210,0.000000,-0.614759,0.662144,0.428531,0.000000,0.057681,-0.023605,-0.000272,1.000000;;
           }

           Frame Bip01_L_Finger0Nub {
            

            FrameTransformMatrix {
             1.000000,0.000000,-0.000000,0.000000,0.000000,1.000000,-0.000000,0.000000,0.000000,0.000000,1.000000,0.000000,0.029435,0.000000,0.000000,1.000000;;
            }
           }
          }

          Frame Bip01_L_Finger1 {
           

           FrameTransformMatrix {
            -0.342274,-0.000748,0.939600,0.000000,0.000000,1.000000,0.000796,0.000000,-0.939600,0.000273,-0.342274,0.000000,0.084102,-0.000000,-0.000000,1.000000;;
           }

           Frame Bip01_L_Finger1Nub {
            

            FrameTransformMatrix {
             1.000000,-0.000000,-0.000000,0.000000,0.000000,1.000000,0.000000,0.000000,0.000000,0.000000,1.000000,0.000000,0.047988,0.000000,0.000000,1.000000;;
            }
           }
          }
         }
        }
       }
      }

      Frame Bip01_R_Clavicle {
       

       FrameTransformMatrix {
        0.000341,-0.903365,0.428872,0.000000,-1.000000,0.000000,0.000796,0.000000,-0.000719,-0.428872,-0.903365,0.000000,-0.024019,-0.016199,0.002566,1.000000;;
       }

       Frame Bip01_R_UpperArm {
        

        FrameTransformMatrix {
         0.313047,0.948166,-0.054615,0.000000,-0.871946,0.309724,0.379185,0.000000,0.376446,-0.071082,0.923708,0.000000,0.087086,0.000000,0.000000,1.000000;;
        }

        Frame Bip01_R_Forearm {
         

         FrameTransformMatrix {
          0.811989,0.000000,-0.583672,0.000000,-0.000000,1.000000,0.000000,0.000000,0.583672,-0.000000,0.811989,0.000000,0.137062,0.000000,0.000000,1.000000;;
         }

         Frame Bip01_R_Hand {
          

          FrameTransformMatrix {
           0.876605,0.385158,-0.288474,0.000000,-0.438815,0.393779,-0.807700,0.000000,-0.197497,0.834621,0.514202,0.000000,0.137062,0.000000,0.000000,1.000000;;
          }

          Frame Bip01_R_Finger0 {
           

           FrameTransformMatrix {
            0.556874,0.020367,0.830347,0.000000,-0.558537,0.749101,0.356210,0.000000,-0.614759,-0.662144,0.428531,0.000000,0.057681,0.023605,-0.000272,1.000000;;
           }

           Frame Bip01_R_Finger0Nub {
            

            FrameTransformMatrix {
             -1.000000,-0.000000,0.000000,0.000000,0.000000,1.000000,-0.000000,0.000000,-0.000000,-0.000000,-1.000000,0.000000,0.029435,0.000000,0.000000,1.000000;;
            }
           }
          }

          Frame Bip01_R_Finger1 {
           

           FrameTransformMatrix {
            -0.342274,0.000748,0.939600,0.000000,-0.000000,1.000000,-0.000796,0.000000,-0.939600,-0.000273,-0.342274,0.000000,0.084102,0.000000,0.000000,1.000000;;
           }

           Frame Bip01_R_Finger1Nub {
            

            FrameTransformMatrix {
             -1.000000,-0.000000,0.000000,0.000000,-0.000000,1.000000,-0.000000,0.000000,-0.000000,0.000000,-1.000000,0.000000,0.047988,0.000000,0.000000,1.000000;;
            }
           }
          }
         }
        }
       }
      }
     }

     Frame Bip01_BackPack {
      

      FrameTransformMatrix {
       0.035097,-0.075887,-0.996498,0.000000,0.053820,0.995809,-0.073939,0.000000,0.997934,-0.051036,0.039035,0.000000,0.051182,0.000002,-0.091273,1.000000;;
      }

      Frame Bip01_BackPackNub {
       

       FrameTransformMatrix {
        0.000796,0.000003,1.000000,0.000000,0.000000,-1.000000,0.000003,0.000000,1.000000,-0.000000,-0.000796,0.000000,0.053240,0.000000,0.000000,1.000000;;
       }
      }
     }
    }

    Frame Bip01_L_Thigh {
     

     FrameTransformMatrix {
      -0.901014,0.078753,0.426582,0.000000,-0.142538,-0.982528,-0.119676,0.000000,0.409703,-0.168634,0.896496,0.000000,-0.051829,0.055015,0.001785,1.000000;;
     }

     Frame Bip01_L_Calf {
      

      FrameTransformMatrix {
       0.963716,0.000000,-0.266930,0.000000,0.000000,1.000000,0.000000,0.000000,0.266930,-0.000000,0.963716,0.000000,0.237500,0.000000,-0.000000,1.000000;;
      }

      Frame Bip01_L_Foot {
       

       FrameTransformMatrix {
        0.985544,0.146792,0.084584,0.000000,-0.159602,0.971922,0.172899,0.000000,-0.056829,-0.183899,0.981301,0.000000,0.206841,0.000000,0.000000,1.000000;;
       }

       Frame Bip01_L_Toe0 {
        

        FrameTransformMatrix {
         -0.000001,0.000000,1.000000,0.000000,0.000000,1.000000,-0.000000,0.000000,-1.000000,0.000000,-0.000001,0.000000,0.065373,0.000000,0.066450,1.000000;;
        }

        Frame Bip01_L_Toe0Nub {
         

         FrameTransformMatrix {
          -1.000000,0.000000,-0.000000,0.000000,0.000000,1.000000,-0.000000,0.000000,0.000000,0.000000,-1.000000,0.000000,0.006735,0.000000,0.000000,1.000000;;
         }
        }
       }
      }
     }
    }

    Frame Bip01_R_Thigh {
     

     FrameTransformMatrix {
      -0.875533,-0.110229,0.470416,0.000000,0.076524,-0.992975,-0.090249,0.000000,0.477059,-0.043018,0.877818,0.000000,-0.051251,-0.055015,-0.007823,1.000000;;
     }

     Frame Bip01_R_Calf {
      

      FrameTransformMatrix {
       0.926832,-0.000000,-0.375476,0.000000,-0.000000,1.000000,-0.000000,0.000000,0.375476,0.000000,0.926832,0.000000,0.237500,0.000000,-0.000000,1.000000;;
      }

      Frame Bip01_R_Foot {
       

       FrameTransformMatrix {
        0.995183,-0.067412,0.071174,0.000000,0.004124,0.754179,0.656656,0.000000,-0.097944,-0.653200,0.750824,0.000000,0.206841,0.000000,0.000000,1.000000;;
       }

       Frame Bip01_R_Toe0 {
        

        FrameTransformMatrix {
         -0.087157,-0.000001,0.996195,0.000000,0.000001,1.000000,0.000001,0.000000,-0.996195,0.000001,-0.087157,0.000000,0.065373,0.000000,0.066450,1.000000;;
        }

        Frame Bip01_R_Toe0Nub {
         

         FrameTransformMatrix {
          1.000000,0.000000,0.000000,0.000000,-0.000000,1.000000,-0.000000,0.000000,0.000000,0.000000,1.000000,0.000000,0.006735,0.000000,0.000000,1.000000;;
         }
        }
       }
      }
     }
    }
   }

   Frame Bip01_DressFront {
    

    FrameTransformMatrix {
     -0.830864,-0.008445,0.556411,0.000000,-0.032673,0.998900,-0.033627,0.000000,-0.555515,-0.046119,-0.830227,0.000000,-0.043921,0.001406,0.061063,1.000000;;
    }

    Frame Bip01_DressFront02 {
     

     FrameTransformMatrix {
      0.946511,0.081243,0.312276,0.000000,-0.077173,0.996694,-0.025393,0.000000,-0.313307,-0.000065,0.949652,0.000000,0.183366,-0.000000,-0.000125,1.000000;;
     }

     Frame Bip01_DressFrontNub {
      

      FrameTransformMatrix {
       0.000796,0.000003,1.000000,0.000000,0.000000,-1.000000,0.000003,0.000000,1.000000,-0.000000,-0.000796,0.000000,0.165302,0.000000,0.000000,1.000000;;
      }
     }
    }
   }

   Frame Bip01_DressBack {
    

    FrameTransformMatrix {
     -0.830379,0.045218,0.555361,0.000000,-0.011734,0.995061,-0.098565,0.000000,-0.557076,-0.088363,-0.825748,0.000000,-0.047654,0.000012,-0.078304,1.000000;;
    }

    Frame Bip01_DressBack02 {
     

     FrameTransformMatrix {
      0.961427,0.000001,0.275061,0.000000,-0.000001,1.000000,-0.000000,0.000000,-0.275061,-0.000000,0.961427,0.000000,0.176189,0.000000,-0.000105,1.000000;;
     }

     Frame Bip01_DressBackNub {
      

      FrameTransformMatrix {
       0.000796,0.000003,1.000000,0.000000,0.000000,-1.000000,0.000003,0.000000,1.000000,0.000000,-0.000796,0.000000,0.136508,-0.000000,-0.000000,1.000000;;
      }
     }
    }
   }
  }

  Frame Bip01_Prop1 {
   

   FrameTransformMatrix {
    0.422404,-0.045727,-0.905253,0.000000,0.725946,-0.580963,0.368083,0.000000,-0.542750,-0.812645,-0.212206,0.000000,0.024908,-0.011984,-0.136265,1.000000;;
   }
  }

  Frame Bip01_Prop2 {
   

   FrameTransformMatrix {
    -0.073895,0.286878,0.955113,0.000000,0.997075,0.040017,0.065122,0.000000,-0.019538,0.957131,-0.288996,0.000000,0.109229,0.024051,0.111682,1.000000;;
   }
  }
 }
}

Frame Translation_Data {
 

 FrameTransformMatrix {
  1.000000,0.000000,0.000000,0.000000,0.000000,-0.000000,-1.000000,0.000000,0.000000,1.000000,-0.000000,0.000000,0.000000,-0.000000,0.000000,1.000000;;
 }
}

Frame Body {
 

 FrameTransformMatrix {
  1.000000,0.000000,0.000000,0.000000,0.000000,1.000000,0.000000,0.000000,0.000000,0.000000,1.000000,0.000000,0.000000,0.000000,0.000000,1.000000;;
 }

 Mesh Body {
  617;
  0.100609;0.748407;-0.048488;,
  0.059237;0.765143;-0.060080;,
  0.067446;0.732570;-0.055997;,
  0.110647;0.730321;-0.037290;,
  0.113266;0.715133;-0.026312;,
  0.078049;0.698138;-0.051452;,
  0.090506;0.671604;-0.030691;,
  0.112638;0.690682;0.006733;,
  0.049816;0.800707;-0.039843;,
  0.087473;0.791556;-0.023309;,
  0.085388;0.799565;0.007755;,
  0.053491;0.801594;0.000429;,
  0.065723;0.567969;0.105178;,
  0.017833;0.570583;0.109880;,
  0.021216;0.580198;0.102119;,
  0.061097;0.576704;0.097297;,
  0.080205;0.561200;0.046802;,
  0.081093;0.540956;0.075117;,
  0.067754;0.547549;0.009453;,
  0.053875;0.497348;0.032443;,
  0.076621;0.510918;0.050197;,
  0.040882;0.693823;-0.068346;,
  0.043597;0.662279;-0.056354;,
  -0.020636;0.566039;0.093028;,
  -0.017497;0.577490;0.083738;,
  0.035161;0.684385;0.087375;,
  -0.013342;0.682904;0.068537;,
  -0.009747;0.724705;0.056012;,
  0.044487;0.729858;0.072876;,
  0.070217;0.472237;0.034442;,
  0.093718;0.379416;0.021338;,
  0.119811;0.377348;0.060966;,
  0.089722;0.471887;0.080676;,
  0.110050;0.285659;0.009117;,
  0.121895;0.283400;0.060621;,
  0.019384;0.466997;0.033883;,
  -0.012591;0.446784;0.116965;,
  0.021947;0.358093;0.100774;,
  0.041070;0.369450;0.028133;,
  0.058513;0.275386;0.078008;,
  0.070540;0.276160;0.037491;,
  0.064558;0.452463;0.133945;,
  0.098513;0.368191;0.121446;,
  0.096082;0.282656;0.092157;,
  0.125732;0.006965;0.097820;,
  0.089260;0.006945;0.071461;,
  0.068106;0.007520;0.115456;,
  0.097824;0.007494;0.133674;,
  0.108665;0.227284;0.036131;,
  0.113693;0.153820;0.044418;,
  0.130746;0.156656;0.081590;,
  0.127681;0.230927;0.074080;,
  0.122128;0.075192;0.055954;,
  0.128296;0.076891;0.090102;,
  0.063439;0.205473;0.045259;,
  0.044130;0.223128;0.094476;,
  0.059194;0.159007;0.095052;,
  0.077484;0.149038;0.057633;,
  0.088417;0.085540;0.097103;,
  0.097567;0.068214;0.069656;,
  0.110082;0.238904;0.119589;,
  0.117102;0.164744;0.116720;,
  0.110042;0.092315;0.106579;,
  0.080979;0.515149;0.090312;,
  0.020641;0.485976;0.006959;,
  0.010715;0.457467;0.028751;,
  0.019384;0.466997;0.033883;,
  0.059780;0.526892;0.139264;,
  0.004554;0.532549;0.139031;,
  0.057401;0.470899;0.141402;,
  0.005750;0.477786;0.143613;,
  0.028841;0.632353;0.094523;,
  0.071063;0.679105;0.086697;,
  0.088936;0.678648;0.075889;,
  0.105936;0.662961;0.028325;,
  0.084789;0.614959;0.041477;,
  0.068737;0.627311;0.087532;,
  0.089938;0.646331;-0.014448;,
  0.077253;0.601744;0.007978;,
  0.045677;0.644810;-0.043285;,
  0.035569;0.593347;-0.016541;,
  0.133916;0.725028;-0.038795;,
  0.086099;0.732124;-0.015155;,
  0.154095;0.681133;-0.023597;,
  0.100690;0.675222;0.002914;,
  0.121581;0.631211;0.020816;,
  0.164990;0.635541;-0.000574;,
  0.110324;0.745313;0.039169;,
  0.125433;0.700579;0.058684;,
  0.100690;0.675222;0.002914;,
  0.142274;0.647182;0.067781;,
  0.121581;0.631211;0.020816;,
  0.120443;0.749783;0.041628;,
  0.158213;0.749567;0.017384;,
  0.178897;0.706805;0.032102;,
  0.185587;0.651414;0.046527;,
  0.151269;0.737553;-0.017863;,
  0.166439;0.616692;-0.009960;,
  0.115526;0.608934;0.015495;,
  0.126255;0.549993;0.005857;,
  0.158372;0.557495;-0.010254;,
  0.132006;0.509909;0.003803;,
  0.154842;0.507316;-0.008085;,
  0.115526;0.608934;0.015495;,
  0.143112;0.609373;0.072237;,
  0.158622;0.550705;0.053036;,
  0.126255;0.549993;0.005857;,
  0.155958;0.508650;0.035362;,
  0.132006;0.509909;0.003803;,
  0.193794;0.617160;0.047009;,
  0.183069;0.556766;0.040398;,
  0.171721;0.505327;0.025676;,
  0.094724;0.437206;0.018274;,
  0.109282;0.448560;0.006316;,
  0.148301;0.448247;0.034531;,
  0.133602;0.437036;0.045906;,
  0.100469;0.441096;0.003349;,
  0.105479;0.433306;0.009676;,
  0.109277;0.426969;0.001521;,
  0.099297;0.434703;-0.006340;,
  0.139007;0.479856;0.042977;,
  0.143936;0.442830;0.042152;,
  0.127419;0.448978;-0.007593;,
  0.115090;0.480727;-0.000603;,
  0.172596;0.474552;0.026390;,
  0.158715;0.431950;0.034323;,
  0.148599;0.476197;-0.019691;,
  0.143250;0.438536;-0.013662;,
  0.112918;0.797205;-0.014429;,
  0.127338;0.784597;-0.037395;,
  0.087473;0.791556;-0.023309;,
  0.092386;0.776275;-0.042769;,
  0.085173;0.729014;0.071148;,
  0.066743;0.782965;-0.054443;,
  0.129038;0.758451;-0.046231;,
  0.100609;0.748407;-0.048488;,
  0.110647;0.730321;-0.037290;,
  0.122601;0.740318;-0.031517;,
  0.099470;0.769760;0.040248;,
  0.053391;0.765974;0.044789;,
  0.103756;0.771712;0.035795;,
  -0.002279;0.756858;0.030786;,
  0.011227;0.789880;-0.017525;,
  0.085388;0.799565;0.007755;,
  0.103756;0.771712;0.035795;,
  0.105003;0.725026;0.000070;,
  0.106252;0.760239;0.032348;,
  0.086099;0.732124;-0.015155;,
  0.099022;0.712460;0.047739;,
  0.105439;0.693919;0.019064;,
  0.113266;0.715133;-0.026312;,
  0.098160;0.722371;0.061158;,
  0.115090;0.480727;-0.000603;,
  0.060268;0.820751;-0.066324;,
  0.068944;0.805736;-0.078173;,
  0.021327;0.801915;-0.046476;,
  0.034608;0.828537;-0.061936;,
  0.143250;0.438536;-0.013662;,
  0.094724;0.437206;0.018274;,
  0.133602;0.437036;0.045906;,
  0.106551;0.459455;-0.001575;,
  0.110765;0.442454;-0.020659;,
  0.106551;0.459455;-0.001575;,
  0.117419;0.447046;0.005115;,
  0.130429;0.435869;-0.012537;,
  0.130429;0.435869;-0.012537;,
  0.100469;0.441096;0.003349;,
  0.099297;0.434703;-0.006340;,
  0.109277;0.426969;0.001521;,
  0.171841;0.027548;0.035673;,
  0.164871;0.023986;-0.012823;,
  0.169683;0.005307;-0.018042;,
  0.180226;0.005823;0.032734;,
  0.070800;0.040777;0.104055;,
  0.068106;0.007520;0.115456;,
  0.089260;0.006945;0.071461;,
  0.089621;0.031864;0.068289;,
  0.088417;0.085540;0.097103;,
  0.110042;0.092315;0.106579;,
  0.106352;0.043792;0.125549;,
  0.125732;0.006965;0.097820;,
  0.097824;0.007494;0.133674;,
  0.128275;0.041873;0.095914;,
  0.122128;0.075192;0.055954;,
  0.128296;0.076891;0.090102;,
  0.134504;0.005465;-0.027661;,
  0.135990;0.021101;-0.018465;,
  0.180226;0.005823;0.032734;,
  0.134504;0.005465;-0.027661;,
  0.041070;0.369450;0.028133;,
  0.070540;0.276160;0.037491;,
  0.063439;0.205473;0.045259;,
  0.077484;0.149038;0.057633;,
  0.097567;0.068214;0.069656;,
  0.097567;0.068214;0.069656;,
  -0.011364;0.461103;0.075689;,
  0.079316;0.794896;-0.095207;,
  0.071773;0.774975;-0.097810;,
  0.063059;0.773906;-0.090812;,
  0.060618;0.793039;-0.086350;,
  0.069764;0.822852;-0.105467;,
  0.060516;0.845006;-0.107958;,
  0.047716;0.826804;-0.229032;,
  0.027878;0.827218;-0.232871;,
  0.029632;0.797566;-0.229903;,
  0.066836;0.761875;-0.181417;,
  0.061626;0.778440;-0.205526;,
  0.050257;0.754298;-0.182106;,
  0.083313;0.807562;-0.120317;,
  0.076954;0.778575;-0.118222;,
  0.076877;0.806801;-0.103029;,
  0.082194;0.835118;-0.147944;,
  0.083279;0.817117;-0.164583;,
  0.081311;0.823158;-0.201248;,
  0.073971;0.796872;-0.207189;,
  0.080451;0.790340;-0.168764;,
  0.066608;0.872713;-0.147378;,
  0.078694;0.851475;-0.146345;,
  0.027016;0.881378;-0.143761;,
  0.025647;0.884040;-0.192961;,
  0.058989;0.875597;-0.195189;,
  0.081815;0.784188;-0.146951;,
  0.068686;0.759690;-0.149148;,
  0.068646;0.761908;-0.113261;,
  0.055688;0.742224;-0.093323;,
  0.036797;0.731133;-0.092524;,
  0.035917;0.750424;-0.083918;,
  0.055940;0.792631;-0.220974;,
  0.067765;0.825046;-0.219637;,
  0.075080;0.857726;-0.199025;,
  0.061257;0.854120;-0.217940;,
  0.026136;0.862862;-0.221672;,
  0.043537;0.860924;-0.220712;,
  0.029141;0.858169;-0.111034;,
  0.075080;0.857726;-0.199025;,
  0.061257;0.854120;-0.217940;,
  0.089475;0.808170;-0.123232;,
  0.098087;0.834445;-0.143586;,
  0.092626;0.832412;-0.164070;,
  0.086528;0.821316;-0.147864;,
  0.098087;0.834445;-0.143586;,
  0.089475;0.808170;-0.123232;,
  0.092626;0.832412;-0.164070;,
  0.083279;0.817117;-0.164583;,
  0.085095;0.803111;-0.143751;,
  0.083313;0.807562;-0.120317;,
  0.067478;0.766707;-0.170234;,
  0.085095;0.803111;-0.143751;,
  0.066743;0.782965;-0.054443;,
  0.068944;0.805736;-0.078173;,
  0.092386;0.776275;-0.042769;,
  0.069764;0.822852;-0.105467;,
  0.038279;0.743865;-0.079036;,
  0.039022;0.720626;-0.071969;,
  0.030073;0.543708;-0.012188;,
  -0.033713;0.529562;0.121715;,
  -0.036660;0.496121;0.128758;,
  -0.035363;0.473547;0.127915;,
  0.032535;0.771966;-0.091228;,
  -0.011364;0.461103;0.075689;,
  0.043537;0.860924;-0.220712;,
  0.026136;0.862862;-0.221672;,
  0.055232;0.747391;-0.124896;,
  0.047078;0.747723;-0.148459;,
  0.047683;0.744389;-0.139418;,
  0.030585;0.782929;-0.224921;,
  0.032090;0.763532;-0.208522;,
  0.048130;0.760035;-0.170615;,
  -0.014345;0.629827;0.075192;,
  0.092386;0.776275;-0.042769;,
  0.169683;0.005307;-0.018042;,
  0.054902;0.745452;-0.118583;,
  0.047651;0.737789;-0.118732;,
  0.047102;0.742741;-0.122093;,
  0.035271;0.732550;-0.150934;,
  0.035202;0.738626;-0.139808;,
  0.046904;0.739461;-0.127373;,
  0.035463;0.741691;-0.122258;,
  0.036010;0.733996;-0.117778;,
  0.033679;0.746722;-0.182796;,
  0.033895;0.747341;-0.172648;,
  0.106252;0.760239;0.032348;,
  0.035672;0.735317;-0.128390;,
  0.095374;0.735742;0.011471;,
  0.105003;0.725026;0.000070;,
  0.113266;0.715133;-0.026312;,
  0.078694;0.851475;-0.146345;,
  0.108665;0.227284;0.036131;,
  0.066221;0.223817;-0.001761;,
  0.079272;0.148260;0.012356;,
  0.113693;0.153820;0.044418;,
  0.110050;0.285659;0.009117;,
  0.068539;0.278973;-0.011551;,
  0.093718;0.379416;0.021338;,
  0.042737;0.368744;0.000578;,
  0.070217;0.472237;0.034442;,
  0.028180;0.455921;0.010122;,
  0.053875;0.497348;0.032443;,
  0.085588;0.075928;0.017256;,
  0.122128;0.075192;0.055954;,
  0.051667;0.155233;0.121251;,
  0.060704;0.085898;0.128167;,
  -0.010496;0.102506;0.110258;,
  -0.010836;0.175904;0.105620;,
  -0.006578;0.242417;0.093253;,
  0.043337;0.222496;0.109076;,
  -0.008276;0.308511;0.091867;,
  0.041400;0.271365;0.103688;,
  0.015820;0.356191;0.114290;,
  -0.021396;0.384804;0.109922;,
  -0.038417;0.469782;0.133850;,
  0.095374;0.735742;0.011471;,
  -0.027616;0.733261;-0.094688;,
  -0.038449;0.712712;-0.091007;,
  0.005213;0.725221;-0.078419;,
  0.006622;0.759484;-0.078175;,
  -0.044186;0.695917;-0.083902;,
  -0.054133;0.673609;-0.060781;,
  -0.008854;0.661432;-0.070916;,
  0.001523;0.689101;-0.079024;,
  -0.004678;0.795134;-0.058139;,
  -0.034143;0.791246;-0.031144;,
  -0.061565;0.782575;-0.045066;,
  -0.041923;0.776544;-0.069927;,
  -0.085161;0.566344;0.034329;,
  -0.076321;0.574392;0.029965;,
  -0.055801;0.578902;0.064382;,
  -0.058245;0.569764;0.074157;,
  -0.047709;0.559047;-0.015873;,
  -0.071370;0.539314;0.003526;,
  -0.010205;0.546237;-0.028746;,
  -0.049128;0.509683;-0.008643;,
  -0.020388;0.496548;-0.002427;,
  -0.017497;0.577490;0.083738;,
  -0.020636;0.566039;0.093028;,
  -0.058609;0.676734;0.043895;,
  -0.060362;0.719124;0.030430;,
  -0.009747;0.724705;0.056012;,
  -0.013342;0.682904;0.068537;,
  -0.031447;0.473938;-0.015196;,
  -0.078341;0.468939;0.001004;,
  -0.073230;0.374793;-0.037188;,
  -0.026892;0.382145;-0.044554;,
  -0.064145;0.281463;-0.041816;,
  -0.018771;0.287222;-0.067880;,
  0.004407;0.471748;0.021363;,
  0.004608;0.374275;-0.001390;,
  -0.034498;0.356728;0.061333;,
  -0.035827;0.445948;0.101022;,
  -0.011889;0.279061;-0.019720;,
  -0.033221;0.276997;0.016380;,
  -0.102208;0.360757;0.019013;,
  -0.099482;0.447102;0.054544;,
  -0.069599;0.280852;-0.001681;,
  -0.079454;0.006312;-0.018859;,
  -0.119046;0.008553;0.003322;,
  -0.105443;0.010327;0.035367;,
  -0.058803;0.008430;0.021066;,
  -0.033914;0.226798;-0.044975;,
  -0.074777;0.228918;-0.033113;,
  -0.077998;0.154736;-0.024821;,
  -0.039085;0.153243;-0.037634;,
  -0.075980;0.075703;-0.016103;,
  -0.044261;0.074392;-0.024850;,
  -0.008501;0.209349;-0.004303;,
  -0.023792;0.151939;-0.001954;,
  -0.039234;0.163822;0.036184;,
  -0.032310;0.229060;0.042080;,
  -0.055158;0.069093;0.009534;,
  -0.065724;0.087619;0.020170;,
  -0.094822;0.164299;0.008515;,
  -0.096478;0.238808;0.010196;,
  -0.082887;0.092634;0.005239;,
  -0.082532;0.513389;0.013533;,
  0.004407;0.471748;0.021363;,
  -0.071524;0.531730;0.103308;,
  -0.106867;0.525098;0.061013;,
  -0.072034;0.475650;0.105381;,
  -0.103259;0.466917;0.064822;,
  -0.055559;0.627242;0.052031;,
  -0.079757;0.666799;0.016762;,
  -0.082574;0.664654;-0.003639;,
  -0.072529;0.618758;0.016410;,
  -0.042935;0.607225;-0.022827;,
  -0.053913;0.649918;-0.045796;,
  -0.009697;0.596479;-0.035797;,
  -0.008051;0.638336;-0.059884;,
  -0.073176;0.698553;-0.104807;,
  -0.097761;0.656740;-0.090240;,
  -0.034546;0.710180;-0.069196;,
  -0.115882;0.614846;-0.065270;,
  -0.080977;0.614776;-0.031476;,
  -0.054894;0.656050;-0.048385;,
  -0.073728;0.730294;-0.027099;,
  -0.054894;0.656050;-0.048385;,
  -0.094789;0.688396;-0.006820;,
  -0.080977;0.614776;-0.031476;,
  -0.114598;0.636176;0.004428;,
  -0.084038;0.734800;-0.028451;,
  -0.137684;0.689386;-0.048805;,
  -0.112782;0.730159;-0.062606;,
  -0.149456;0.636168;-0.029195;,
  -0.095789;0.713457;-0.092054;,
  -0.114409;0.595203;-0.072208;,
  -0.106773;0.536769;-0.062385;,
  -0.081026;0.532520;-0.036567;,
  -0.073560;0.592557;-0.031900;,
  -0.103980;0.487860;-0.052510;,
  -0.088581;0.494664;-0.031518;,
  -0.073560;0.592557;-0.031900;,
  -0.081026;0.532520;-0.036567;,
  -0.126111;0.537908;-0.001750;,
  -0.116977;0.599070;0.013430;,
  -0.088581;0.494664;-0.031518;,
  -0.121453;0.489640;-0.014066;,
  -0.145594;0.541443;-0.021799;,
  -0.157670;0.601783;-0.026601;,
  -0.130500;0.488243;-0.026268;,
  -0.044662;0.441204;0.007931;,
  -0.086604;0.419619;0.000862;,
  -0.094661;0.429247;-0.016844;,
  -0.052345;0.451210;-0.010089;,
  -0.041341;0.448283;-0.006551;,
  -0.031849;0.446440;-0.013077;,
  -0.039525;0.433815;-0.014788;,
  -0.044810;0.437635;-0.005925;,
  -0.108167;0.456969;-0.002494;,
  -0.066880;0.480438;-0.017212;,
  -0.056170;0.451169;-0.032624;,
  -0.093833;0.423021;-0.008655;,
  -0.093864;0.411800;-0.025152;,
  -0.117917;0.448230;-0.037991;,
  -0.075443;0.473302;-0.054407;,
  -0.058143;0.439394;-0.048559;,
  -0.068362;0.775822;-0.079706;,
  -0.062143;0.762232;-0.105611;,
  -0.030818;0.761723;-0.087159;,
  -0.041923;0.776544;-0.069927;,
  -0.087397;0.711347;0.001286;,
  -0.005989;0.775785;-0.078457;,
  -0.053198;0.736627;-0.111833;,
  -0.055888;0.716370;-0.098157;,
  -0.038449;0.712712;-0.091007;,
  -0.027616;0.733261;-0.094688;,
  -0.084747;0.748737;-0.026478;,
  -0.085489;0.750238;-0.032581;,
  -0.054659;0.753212;0.005861;,
  -0.002279;0.756858;0.030786;,
  0.011227;0.789880;-0.017525;,
  -0.061565;0.782575;-0.045066;,
  -0.085489;0.750238;-0.032581;,
  -0.056235;0.705652;-0.058735;,
  -0.034546;0.710180;-0.069196;,
  -0.083246;0.738329;-0.036431;,
  -0.058326;0.677153;-0.047233;,
  -0.077484;0.694389;-0.023716;,
  -0.044186;0.695917;-0.083902;,
  -0.088191;0.703293;-0.014283;,
  -0.066880;0.480438;-0.017212;,
  -0.001058;0.808982;-0.076353;,
  0.008481;0.823153;-0.064978;,
  0.034608;0.828537;-0.061936;,
  0.021327;0.801915;-0.046476;,
  -0.058143;0.439394;-0.048559;,
  -0.044662;0.441204;0.007931;,
  -0.086604;0.419619;0.000862;,
  -0.034430;0.455016;-0.030864;,
  -0.050875;0.464490;-0.013235;,
  -0.050875;0.464490;-0.013235;,
  -0.056280;0.447883;-0.016675;,
  -0.049157;0.440440;-0.039027;,
  -0.049157;0.440440;-0.039027;,
  -0.031849;0.446440;-0.013077;,
  -0.041341;0.448283;-0.006551;,
  -0.039525;0.433815;-0.014788;,
  -0.010942;0.024023;-0.056336;,
  -0.007013;0.001833;-0.062899;,
  0.041627;0.001877;-0.044905;,
  0.035942;0.020817;-0.042030;,
  -0.093429;0.043348;0.032449;,
  -0.055358;0.033279;0.019717;,
  -0.058803;0.008430;0.021066;,
  -0.105443;0.010327;0.035367;,
  -0.065724;0.087619;0.020170;,
  -0.109374;0.044267;-0.006020;,
  -0.082887;0.092634;0.005239;,
  -0.079454;0.006312;-0.018859;,
  -0.076834;0.041003;-0.023138;,
  -0.119046;0.008553;0.003322;,
  -0.044261;0.074392;-0.024850;,
  -0.075980;0.075703;-0.016103;,
  0.037204;0.019651;-0.012511;,
  0.045917;0.004119;-0.008757;,
  0.045917;0.004119;-0.008757;,
  -0.007013;0.001833;-0.062899;,
  0.004608;0.374275;-0.001390;,
  -0.011889;0.279061;-0.019720;,
  -0.008501;0.209349;-0.004303;,
  -0.023792;0.151939;-0.001954;,
  -0.055158;0.069093;0.009534;,
  -0.055158;0.069093;0.009534;,
  -0.012728;0.789681;-0.092928;,
  0.006393;0.795554;-0.084940;,
  0.005990;0.770673;-0.089399;,
  -0.003122;0.770731;-0.095956;,
  -0.006911;0.818507;-0.103569;,
  -0.000358;0.841557;-0.106452;,
  0.008429;0.824578;-0.228059;,
  0.027878;0.827218;-0.232871;,
  -0.000868;0.758039;-0.179741;,
  0.016406;0.752380;-0.181268;,
  0.001243;0.775019;-0.204031;,
  -0.009677;0.773667;-0.116078;,
  -0.019363;0.801745;-0.117775;,
  -0.012038;0.801764;-0.100828;,
  -0.022726;0.829173;-0.145347;,
  -0.022591;0.811118;-0.161962;,
  -0.016969;0.784820;-0.166352;,
  -0.013171;0.791934;-0.205032;,
  -0.023129;0.817240;-0.198663;,
  -0.021021;0.845825;-0.143877;,
  -0.011475;0.868289;-0.145445;,
  0.027016;0.881378;-0.143761;,
  -0.006598;0.871880;-0.193565;,
  0.025647;0.884040;-0.192961;,
  -0.016551;0.778614;-0.144516;,
  0.000694;0.758058;-0.111579;,
  -0.000865;0.755749;-0.147426;,
  0.016758;0.740018;-0.092359;,
  0.004522;0.789718;-0.219701;,
  -0.010807;0.820594;-0.217692;,
  -0.007546;0.850222;-0.216237;,
  -0.020739;0.852297;-0.196653;,
  0.009134;0.858975;-0.219860;,
  0.026136;0.862862;-0.221672;,
  0.029141;0.858169;-0.111034;,
  -0.020739;0.852297;-0.196653;,
  -0.007546;0.850222;-0.216237;,
  -0.025691;0.801645;-0.120381;,
  -0.025466;0.814971;-0.145091;,
  -0.033569;0.825262;-0.160946;,
  -0.038207;0.826723;-0.140212;,
  -0.025691;0.801645;-0.120381;,
  -0.038207;0.826723;-0.140212;,
  -0.033569;0.825262;-0.160946;,
  -0.022591;0.811118;-0.161962;,
  -0.021785;0.797056;-0.141106;,
  -0.019363;0.801745;-0.117775;,
  -0.001499;0.762799;-0.168527;,
  -0.021785;0.797056;-0.141106;,
  -0.001058;0.808982;-0.076353;,
  -0.005989;0.775785;-0.078457;,
  -0.030818;0.761723;-0.087159;,
  -0.006911;0.818507;-0.103569;,
  -0.033713;0.529562;0.121715;,
  -0.036660;0.496121;0.128758;,
  -0.035363;0.473547;0.127915;,
  -0.011364;0.461103;0.075689;,
  0.009134;0.858975;-0.219860;,
  0.026136;0.862862;-0.221672;,
  0.015071;0.745115;-0.123901;,
  0.022184;0.742945;-0.138787;,
  0.021962;0.746300;-0.147837;,
  0.018436;0.758353;-0.169880;,
  -0.014345;0.629827;0.075192;,
  -0.030818;0.761723;-0.087159;,
  0.041627;0.001877;-0.044905;,
  0.023982;0.736448;-0.118146;,
  0.015928;0.743243;-0.117618;,
  0.023802;0.741421;-0.121517;,
  0.024108;0.738169;-0.126809;,
  -0.083246;0.738329;-0.036431;,
  -0.057499;0.717288;-0.044958;,
  -0.056235;0.705652;-0.058735;,
  -0.044186;0.695917;-0.083902;,
  -0.021021;0.845825;-0.143877;,
  0.014470;0.222917;-0.036678;,
  0.004813;0.146152;-0.032288;,
  0.041121;0.145574;-0.013490;,
  0.038318;0.223265;-0.018255;,
  0.014884;0.283282;-0.048798;,
  0.039914;0.278852;-0.027782;,
  0.015841;0.373256;-0.019510;,
  0.028901;0.364309;-0.007620;,
  0.013756;0.460373;0.000008;,
  0.020463;0.448499;0.007771;,
  0.020641;0.485976;0.006959;,
  -0.020388;0.496548;-0.002427;,
  0.003060;0.073637;-0.029520;,
  0.045216;0.079216;-0.012928;,
  -0.051315;0.086084;0.067143;,
  -0.082878;0.092635;0.005249;,
  -0.094822;0.164299;0.008515;,
  -0.048337;0.161084;0.060398;,
  -0.096478;0.238808;0.010196;,
  -0.046267;0.226320;0.051998;,
  -0.041794;0.273862;0.049743;,
  -0.069599;0.280852;-0.001681;,
  -0.102208;0.360757;0.019013;,
  -0.040984;0.352418;0.077008;,
  -0.036660;0.496121;0.128758;,
  -0.072034;0.475650;0.105381;,
  -0.057499;0.717288;-0.044958;,
  -0.031447;0.473938;-0.015196;,
  -0.026892;0.382145;-0.044554;,
  -0.018771;0.287222;-0.067880;,
  -0.033914;0.226798;-0.044975;,
  -0.039085;0.153243;-0.037634;,
  -0.044261;0.074392;-0.024850;,
  0.064558;0.452463;0.133945;,
  0.098513;0.368191;0.121446;,
  0.005750;0.477786;0.143613;,
  0.096082;0.282656;0.092157;,
  0.110082;0.238904;0.119589;,
  0.117102;0.164744;0.116720;,
  0.110042;0.092315;0.106579;,
  -0.099482;0.447102;0.054544;;
  916;
  3;0,2,1;,
  3;2,0,3;,
  3;4,6,5;,
  3;6,4,7;,
  3;8,10,9;,
  3;10,8,11;,
  3;12,14,13;,
  3;14,12,15;,
  3;16,12,17;,
  3;12,16,15;,
  3;18,20,19;,
  3;20,18,16;,
  3;5,22,21;,
  3;22,5,6;,
  3;13,24,23;,
  3;24,13,14;,
  3;25,27,26;,
  3;27,25,28;,
  3;29,31,30;,
  3;31,29,32;,
  3;31,33,30;,
  3;33,31,34;,
  3;35,37,36;,
  3;37,35,38;,
  3;38,39,37;,
  3;39,38,40;,
  3;36,42,41;,
  3;42,36,37;,
  3;37,43,42;,
  3;43,37,39;,
  3;41,31,32;,
  3;31,41,42;,
  3;42,34,31;,
  3;34,42,43;,
  3;44,46,45;,
  3;46,44,47;,
  3;48,50,49;,
  3;50,48,51;,
  3;49,53,52;,
  3;53,49,50;,
  3;54,56,55;,
  3;56,54,57;,
  3;57,58,56;,
  3;58,57,59;,
  3;55,61,60;,
  3;61,55,56;,
  3;56,62,61;,
  3;62,56,58;,
  3;60,50,51;,
  3;50,60,61;,
  3;61,53,50;,
  3;53,61,62;,
  3;32,20,63;,
  3;20,32,29;,
  3;64,66,65;,
  3;66,64,19;,
  3;13,67,12;,
  3;67,13,68;,
  3;68,69,67;,
  3;69,68,70;,
  3;70,41,69;,
  3;41,70,36;,
  3;48,34,51;,
  3;34,48,33;,
  3;51,43,60;,
  3;43,51,34;,
  3;43,55,60;,
  3;55,43,39;,
  3;39,54,55;,
  3;54,39,40;,
  3;12,63,17;,
  3;63,12,67;,
  3;67,32,63;,
  3;32,67,69;,
  3;69,41,32;,
  3;71,72,25;,
  3;73,75,74;,
  3;75,73,76;,
  3;75,77,74;,
  3;77,75,78;,
  3;79,78,80;,
  3;78,79,77;,
  3;81,83,82;,
  3;83,85,84;,
  3;85,83,86;,
  3;87,89,88;,
  3;89,90,88;,
  3;90,89,91;,
  3;92,94,93;,
  3;92,88,94;,
  3;92,87,88;,
  3;88,95,94;,
  3;95,88,90;,
  3;96,94,83;,
  3;94,86,83;,
  3;86,94,95;,
  3;97,99,98;,
  3;99,97,100;,
  3;100,101,99;,
  3;101,100,102;,
  3;103,105,104;,
  3;105,103,106;,
  3;106,107,105;,
  3;107,106,108;,
  3;104,110,109;,
  3;110,104,105;,
  3;105,111,110;,
  3;111,105,107;,
  3;109,100,97;,
  3;100,109,110;,
  3;110,102,100;,
  3;102,110,111;,
  3;112,114,113;,
  3;114,112,115;,
  3;116,118,117;,
  3;118,116,119;,
  3;120,122,121;,
  3;122,120,123;,
  3;120,125,124;,
  3;125,120,121;,
  3;126,125,127;,
  3;125,126,124;,
  3;95,97,86;,
  3;97,95,109;,
  3;86,98,85;,
  3;98,86,97;,
  3;90,103,104;,
  3;103,90,91;,
  3;104,95,90;,
  3;95,104,109;,
  3;128,96,129;,
  3;96,128,93;,
  3;129,130,128;,
  3;130,129,131;,
  3;72,28,25;,
  3;28,72,132;,
  3;9,133,8;,
  3;134,136,135;,
  3;136,134,137;,
  3;81,137,134;,
  3;138,11,139;,
  3;138,10,11;,
  3;138,140,10;,
  3;141,11,142;,
  3;11,141,139;,
  3;128,130,143;,
  3;93,144,92;,
  3;93,143,144;,
  3;93,128,143;,
  3;145,87,146;,
  3;87,145,147;,
  3;74,148,73;,
  3;148,74,149;,
  3;150,147,145;,
  3;7,149,74;,
  3;148,151,73;,
  3;102,152,101;,
  3;152,102,126;,
  3;102,124,126;,
  3;124,102,111;,
  3;111,120,124;,
  3;120,111,107;,
  3;120,108,123;,
  3;108,120,107;,
  3;8,154,153;,
  3;154,8,133;,
  3;153,155,8;,
  3;155,153,156;,
  3;121,113,114;,
  3;113,121,122;,
  3;122,112,113;,
  3;112,122,157;,
  3;158,125,159;,
  3;125,158,127;,
  3;159,121,114;,
  3;121,159,125;,
  3;126,160,152;,
  3;160,126,161;,
  3;162,122,123;,
  3;122,162,163;,
  3;122,164,157;,
  3;164,122,163;,
  3;165,126,127;,
  3;126,165,161;,
  3;161,166,160;,
  3;166,161,167;,
  3;162,117,163;,
  3;117,162,116;,
  3;163,118,164;,
  3;118,163,117;,
  3;165,167,161;,
  3;167,165,168;,
  3;169,171,170;,
  3;171,169,172;,
  3;173,175,174;,
  3;175,173,176;,
  3;177,179,178;,
  3;179,177,173;,
  3;180,179,181;,
  3;179,180,182;,
  3;183,169,170;,
  3;169,183,184;,
  3;175,186,185;,
  3;186,175,176;,
  3;45,187,44;,
  3;187,45,188;,
  3;180,169,182;,
  3;169,180,172;,
  3;19,29,66;,
  3;20,29,19;,
  3;29,30,189;,
  3;30,190,189;,
  3;190,30,33;,
  3;33,191,190;,
  3;191,33,48;,
  3;191,49,192;,
  3;49,191,48;,
  3;192,52,193;,
  3;52,192,49;,
  3;194,170,186;,
  3;170,194,183;,
  3;170,185,186;,
  3;185,170,171;,
  3;186,176,194;,
  3;194,173,177;,
  3;173,194,176;,
  3;179,174,181;,
  3;174,179,173;,
  3;178,182,184;,
  3;182,178,179;,
  3;182,169,184;,
  3;16,17,20;,
  3;17,63,20;,
  3;66,195,65;,
  3;196,198,197;,
  3;198,196,199;,
  3;200,153,154;,
  3;153,200,201;,
  3;202,204,203;,
  3;205,207,206;,
  3;196,209,208;,
  3;209,196,197;,
  3;210,208,211;,
  3;208,210,196;,
  3;212,214,213;,
  3;214,212,215;,
  3;212,213,211;,
  3;201,217,216;,
  3;217,201,200;,
  3;218,220,219;,
  3;220,218,216;,
  3;210,199,196;,
  3;214,205,206;,
  3;221,223,222;,
  3;197,198,224;,
  3;224,226,225;,
  3;226,224,198;,
  3;227,214,206;,
  3;228,229,213;,
  3;229,228,230;,
  3;219,232,231;,
  3;214,228,213;,
  3;156,201,233;,
  3;201,156,153;,
  3;233,216,218;,
  3;216,233,201;,
  3;220,216,234;,
  3;235,220,234;,
  3;236,238,237;,
  3;238,236,239;,
  3;208,240,211;,
  3;240,208,241;,
  3;211,242,212;,
  3;242,211,240;,
  3;243,239,244;,
  3;239,243,238;,
  3;244,236,245;,
  3;236,244,239;,
  3;246,221,222;,
  3;221,246,215;,
  3;221,212,247;,
  3;212,221,215;,
  3;199,248,1;,
  3;248,199,249;,
  3;133,9,250;,
  3;249,210,251;,
  3;210,249,199;,
  3;210,211,251;,
  3;252,2,253;,
  3;2,252,1;,
  3;19,254,18;,
  3;254,19,64;,
  3;23,68,13;,
  3;68,23,255;,
  3;68,256,70;,
  3;256,68,255;,
  3;256,36,70;,
  3;36,256,257;,
  3;258,1,252;,
  3;1,258,199;,
  3;257,259,36;,
  3;36,259,35;,
  3;260,203,261;,
  3;203,260,202;,
  3;262,263,222;,
  3;263,262,264;,
  3;198,258,226;,
  3;258,198,199;,
  3;265,204,227;,
  3;265,206,266;,
  3;206,265,227;,
  3;222,267,246;,
  3;267,222,263;,
  3;89,87,147;,
  3;82,83,84;,
  3;78,16,18;,
  3;16,78,75;,
  3;75,15,16;,
  3;15,75,76;,
  3;15,71,14;,
  3;71,15,76;,
  3;14,268,24;,
  3;268,14,71;,
  3;248,269,1;,
  3;1,269,0;,
  3;135,129,134;,
  3;129,135,131;,
  3;134,96,81;,
  3;96,134,129;,
  3;96,83,81;,
  3;94,96,93;,
  3;29,189,66;,
  3;205,215,246;,
  3;267,205,246;,
  3;205,267,207;,
  3;205,214,215;,
  3;187,188,270;,
  3;224,272,271;,
  3;223,221,209;,
  3;224,223,197;,
  3;271,273,262;,
  3;273,271,272;,
  3;263,275,274;,
  3;273,276,262;,
  3;277,272,278;,
  3;272,277,273;,
  3;223,271,262;,
  3;271,223,224;,
  3;223,209,197;,
  3;208,221,247;,
  3;221,208,209;,
  3;222,223,262;,
  3;266,207,279;,
  3;207,266,206;,
  3;207,280,279;,
  3;280,207,267;,
  3;280,263,274;,
  3;263,280,267;,
  3;264,262,276;,
  3;76,73,72;,
  3;138,281,140;,
  3;73,132,72;,
  3;132,73,151;,
  3;72,71,76;,
  3;272,225,278;,
  3;155,11,8;,
  3;276,277,282;,
  3;277,276,273;,
  3;275,276,282;,
  3;276,275,264;,
  3;28,141,27;,
  3;141,28,139;,
  3;139,132,138;,
  3;132,139,28;,
  3;132,281,138;,
  3;281,132,151;,
  3;281,148,283;,
  3;148,281,151;,
  3;283,149,284;,
  3;149,283,148;,
  3;7,284,149;,
  3;284,7,4;,
  3;6,79,22;,
  3;79,6,77;,
  3;77,7,74;,
  3;7,77,6;,
  3;5,3,4;,
  3;3,5,2;,
  3;285,137,82;,
  3;137,285,136;,
  3;137,81,82;,
  3;92,146,87;,
  3;146,92,144;,
  3;2,21,253;,
  3;21,2,5;,
  3;286,213,229;,
  3;251,211,286;,
  3;213,286,211;,
  3;234,216,217;,
  3;227,202,228;,
  3;202,230,228;,
  3;230,202,260;,
  3;232,220,235;,
  3;228,214,227;,
  3;26,71,25;,
  3;71,26,268;,
  3;155,142,11;,
  3;18,80,78;,
  3;80,18,254;,
  3;272,224,225;,
  3;275,263,264;,
  3;202,227,204;,
  3;232,219,220;,
  3;287,289,288;,
  3;289,287,290;,
  3;291,288,292;,
  3;288,291,287;,
  3;293,292,294;,
  3;292,293,291;,
  3;295,294,296;,
  3;294,295,293;,
  3;296,297,295;,
  3;298,290,299;,
  3;290,298,289;,
  3;300,302,301;,
  3;302,300,303;,
  3;304,300,305;,
  3;300,304,303;,
  3;306,305,307;,
  3;305,306,304;,
  3;308,306,307;,
  3;306,308,309;,
  3;308,310,309;,
  3;145,146,311;,
  3;312,314,313;,
  3;314,312,315;,
  3;316,318,317;,
  3;318,316,319;,
  3;320,322,321;,
  3;322,320,323;,
  3;324,326,325;,
  3;326,324,327;,
  3;328,324,325;,
  3;324,328,329;,
  3;330,331,328;,
  3;331,330,332;,
  3;319,22,318;,
  3;22,319,21;,
  3;327,333,326;,
  3;333,327,334;,
  3;335,337,336;,
  3;337,335,338;,
  3;339,341,340;,
  3;341,339,342;,
  3;341,344,343;,
  3;344,341,342;,
  3;345,347,346;,
  3;347,345,348;,
  3;346,350,349;,
  3;350,346,347;,
  3;348,351,347;,
  3;351,348,352;,
  3;347,353,350;,
  3;353,347,351;,
  3;352,341,351;,
  3;341,352,340;,
  3;351,343,353;,
  3;343,351,341;,
  3;354,356,355;,
  3;356,354,357;,
  3;358,360,359;,
  3;360,358,361;,
  3;361,362,360;,
  3;362,361,363;,
  3;364,366,365;,
  3;366,364,367;,
  3;365,369,368;,
  3;369,365,366;,
  3;367,370,366;,
